lambda	m_w	m_x	m_y
0.1	2.503345489740412e-15	1.8752869168894315e-14	4.694491045364361e-29
0.2	4.789938852633679e-16	1.1338384086792515e-14	5.431016646341091e-30
0.4	7.488895773278602e-16	2.358352308692956e-13	1.766145463647251e-28
0.8	1.1514340636081845e-26	4.625395568307089e-12	5.32583801501112e-38
1.	1.6722585558336283e-38	0.062499999985095984	1.045161597146784e-39
2.	0.31405347228765934	0.48554010421716426	0.15248555566431243
3.	0.5023215518149586	0.6267411638618947	0.3148255940174202
5.	0.6483388521538425	0.7362541391158326	0.47734216344787433
8.	0.7244057707805135	0.7933043280858226	0.5746742332505277
10.	0.7472474768282966	0.8104356076216939	0.6055959629271181
15.	0.773802036752273	0.8303515275646696	0.6425277032499025
20.	0.7845299461542171	0.838397459616097	0.657747913848449
30.	0.7928483248692629	0.8446362436523888	0.669668430903663
40.	0.79591670001751	0.8469375250135915	0.6740917200298151
50.	0.7973679712020809	0.8480259784020034	0.6761887539250652
60.	0.7981649845479414	0.8486237384113765	0.6773417530561325
80.	0.7989637028826952	0.8492227771624643	0.6784981746140485
100.	0.7993355408541618	0.8495016556410516	0.679036865368346
120.	0.7995381037683731	0.849653577826727	0.6793304104755952
240.	0.7998843261524462	0.8499132446147677	0.6798322829567226
480.	0.7999710689906712	0.8499783017434439	0.679958050664578
960.	0.7999927664561259	0.8499945748425366	0.6799895114009794