lambda	t	m_w	m_x
1.	0	0.01	0.01
1.	1	0.0079369016320254	0.0079369016320254
1.	2	0.0063096567422483195	0.0063096567422483195
1.	3	0.005022473304531205	0.005022473304531205
1.	4	0.004001949371579958	0.004001949371579958
1.	5	0.003191367699528585	0.003191367699528585
1.	6	0.0025466054046062556	0.0025466054046062556
1.	7	0.0020331488141656024	0.0020331488141656024
1.	8	0.0016238811340447902	0.0016238811340447902
1.	9	0.0012974211317200977	0.0012974211317200977
1.	10	0.001036861581150611	0.001036861581150611
1.	11	0.000828802227884869	0.000828802227884869
1.	12	0.0006626026766234651	0.0006626026766234651
1.	13	0.000529801419330569	0.000529801419330569
1.	14	0.00042366162969696653	0.00042366162969696653
1.	15	0.00033881450000175246	0.00033881450000175246
1.	16	0.00027097816648931485	0.00027097816648931485
1.	17	0.0002167355566658009	0.0002167355566658009
1.	18	0.0001733583910624237	0.0001733583910624237
1.	19	0.00013866748359615594	0.00013866748359615594
1.	20	0.00011092168295884129	0.00011092168295884129
1.	21	0.00008872947329491515	0.00008872947329491515
1.	22	0.00007097854060451783	0.00007097854060451783
1.	23	0.00005677960851964172	0.00005677960851964172
1.	24	0.000045421623671323	0.000045421623671323
1.	25	0.00003633597862322381	0.00003633597862322381
1.	26	0.000029067937948190766	0.000029067937948190766
1.	27	0.000023253809616140723	0.000023253809616140723
1.	28	0.000018602701630996533	0.000018602701630996533
1.	29	0.000014881939831943147	0.000014881939831943147
1.	30	0.000011905410126395138	0.000011905410126395138
1.	31	9.524237389829276e-6	9.524237389829276e-6
1.	32	7.61933185754871e-6	7.61933185754871e-6
1.	33	6.095428331742884e-6	6.095428331742884e-6
1.	34	4.876318886883058e-6	4.876318886883058e-6
1.	35	3.901039891381226e-6	3.901039891381226e-6
1.	36	3.1208221735672932e-6	3.1208221735672932e-6
1.	37	2.496651505581691e-6	2.496651505581691e-6
1.	38	1.9973172151875515e-6	1.9973172151875515e-6
1.	39	1.5978512190206307e-6	1.5978512190206307e-6
1.	40	1.2782793412179734e-6	1.2782793412179734e-6
1.	41	1.0226224272175163e-6	1.0226224272175163e-6
1.	42	8.18097272490746e-7	8.18097272490746e-7
1.	43	6.544773896518819e-7	6.544773896518819e-7
1.	44	5.23581637583743e-7	5.23581637583743e-7
1.	45	4.1886513461897734e-7	4.1886513461897734e-7
1.	46	3.350919954085283e-7	3.350919954085283e-7
1.	47	2.680735244634039e-7	2.680735244634039e-7
1.	48	2.1445877357815544e-7	2.1445877357815544e-7
1.	49	1.715669894272914e-7	1.715669894272914e-7
1.	50	1.3725357270328934e-7	1.3725357270328934e-7
1.	51	1.098028461059662e-7	1.098028461059662e-7
1.	52	8.784226916850857e-8	8.784226916850857e-8
1.	53	7.027381039639835e-8	7.027381039639835e-8
1.	54	5.6219045156537604e-8	5.6219045156537604e-8
1.	55	4.4975234102458375e-8	4.4975234102458375e-8
1.	56	3.5980185987392915e-8	3.5980185987392915e-8
1.	57	2.8784147961387152e-8	2.8784147961387152e-8
1.	58	2.3027317838852356e-8	2.3027317838852356e-8
1.	59	1.8421853931717184e-8	1.8421853931717184e-8
1.	60	1.4737482928180344e-8	1.4737482928180344e-8
1.	61	1.1789986203540502e-8	1.1789986203540502e-8
1.	62	9.431988873869988e-9	9.431988873869988e-9
1.	63	7.545591042160046e-9	7.545591042160046e-9
1.	64	6.0364727972890334e-9	6.0364727972890334e-9
1.	65	4.8291782145102645e-9	4.8291782145102645e-9
1.	66	3.863342556682797e-9	3.863342556682797e-9
1.	67	3.0906740357939717e-9	3.0906740357939717e-9
1.	68	2.472539222521727e-9	2.472539222521727e-9
1.	69	1.978031374104774e-9	1.978031374104774e-9
1.	70	1.5824250967797499e-9	1.5824250967797499e-9
1.	71	1.2659400758211959e-9	1.2659400758211959e-9
1.	72	1.01275205963129e-9	1.01275205963129e-9
1.	73	8.102016470486053e-10	8.102016470486053e-10
1.	74	6.481613172187711e-10	6.481613172187711e-10
1.	75	5.185290535061446e-10	5.185290535061446e-10
1.	76	4.148232426328374e-10	4.148232426328374e-10
1.	77	3.318585939961398e-10	3.318585939961398e-10
1.	78	2.654868751264285e-10	2.654868751264285e-10
1.	79	2.1238950005603352e-10	2.1238950005603352e-10
1.	80	1.6991160001595686e-10	1.6991160001595686e-10
1.	81	1.3592927999428872e-10	1.3592927999428872e-10
1.	82	1.0874342398360585e-10	1.0874342398360585e-10
1.	83	8.699473917931662e-11	8.699473917931662e-11
1.	84	6.959579133860972e-11	6.959579133860972e-11
1.	85	5.56766330677879e-11	5.56766330677879e-11
1.	86	4.4541306452246395e-11	4.4541306452246395e-11
1.	87	3.5633045160527404e-11	3.5633045160527404e-11
1.	88	2.8506436127609306e-11	2.8506436127609306e-11
1.	89	2.2805148901567373e-11	2.2805148901567373e-11
1.	90	1.824411912092105e-11	1.824411912092105e-11
1.	91	1.459529529652382e-11	1.459529529652382e-11
1.	92	1.1676236237082722e-11	1.1676236237082722e-11
1.	93	9.340988989578926e-12	9.340988989578926e-12
1.	94	7.472791191607298e-12	7.472791191607298e-12
1.	95	5.9782329532500994e-12	5.9782329532500994e-12
1.	96	4.7825863625772065e-12	4.7825863625772065e-12
1.	97	3.8260690900471265e-12	3.8260690900471265e-12
2.	0	0.01	0.01
2.	1	0.012639229007030572	0.012639229007030572
2.	2	0.0159226480510716	0.0159226480510716
2.	3	0.019977872695205123	0.019977872695205123
2.	4	0.024941836206066388	0.024941836206066388
2.	5	0.030952770564654897	0.030952770564654897
2.	6	0.03813777598973266	0.03813777598973266
2.	7	0.04659592860352031	0.04659592860352031
2.	8	0.05637816346474478	0.05637816346474478
2.	9	0.06746691797831299	0.06746691797831299
2.	10	0.07976019279947091	0.07976019279947091
2.	11	0.09306536262947075	0.09306536262947075
2.	12	0.10710684059150917	0.10710684059150917
2.	13	0.12154837792011178	0.12154837792011178
2.	14	0.1360263990060151	0.1360263990060151
2.	15	0.15018726969700866	0.15018726969700866
2.	16	0.1637204629716779	0.1637204629716779
2.	17	0.17638153159635994	0.17638153159635994
2.	18	0.18800243118471305	0.18800243118471305
2.	19	0.19849028888681	0.19849028888681
2.	20	0.20781792805612453	0.20781792805612453
2.	21	0.21601005629336104	0.21601005629336104
2.	22	0.22312844704575602	0.22312844704575602
2.	23	0.22925835531790387	0.22925835531790387
2.	24	0.23449732227955417	0.23449732227955417
2.	25	0.23894670078282165	0.23894670078282165
2.	26	0.24270572778687238	0.24270572778687238
2.	27	0.24586772594072281	0.24586772594072281
2.	28	0.24851794886363907	0.24851794886363907
2.	29	0.25073261563691823	0.25073261563691823
2.	30	0.252578754724271	0.252578754724271
2.	31	0.2541145627542862	0.2541145627542862
2.	32	0.2553900622259082	0.2553900622259082
2.	33	0.256447907330827	0.256447907330827
2.	34	0.2573242374768576	0.2573242374768576
2.	35	0.25804951519082125	0.25804951519082125
2.	36	0.2586493113020714	0.2586493113020714
2.	37	0.25914501817070196	0.25914501817070196
2.	38	0.259554483434865	0.259554483434865
2.	39	0.2598925640880977	0.2598925640880977
2.	40	0.2601716050172095	0.2601716050172095
2.	41	0.26040184843039693	0.26040184843039693
2.	42	0.2605917815936429	0.2605917815936429
2.	43	0.2607484304641477	0.2607484304641477
2.	44	0.2608776064969857	0.2608776064969857
2.	45	0.2609841133268357	0.2609841133268357
2.	46	0.26107191933316715	0.26107191933316715
2.	47	0.26114430137345934	0.26114430137345934
2.	48	0.2612039642675374	0.2612039642675374
2.	49	0.26125313996583327	0.26125313996583327
2.	50	0.2612936697489922	0.2612936697489922
2.	51	0.2613270722899555	0.2613270722899555
2.	52	0.2613545999610296	0.2613545999610296
2.	53	0.26137728538295657	0.26137728538295657
2.	54	0.26139597988454283	0.26139597988454283
2.	55	0.2614113852634045	0.2614113852634045
2.	56	0.261424080004293	0.261424080004293
2.	57	0.2614345409151688	0.2614345409151688
2.	58	0.2614431609771159	0.2614431609771159
2.	59	0.2614502640674201	0.2614502640674201
2.	60	0.2614561171013589	0.2614561171013589
2.	61	0.2614609400437745	0.2614609400437745
2.	62	0.2614649141631564	0.2614649141631564
2.	63	0.26146818883606854	0.26146818883606854
2.	64	0.2614708871560584	0.2614708871560584
2.	65	0.2614731105567804	0.2614731105567804
2.	66	0.2614749426223753	0.2614749426223753
2.	67	0.2614764522278402	0.2614764522278402
2.	68	0.2614776961271035	0.2614776961271035
2.	69	0.2614787210858693	0.2614787210858693
2.	70	0.26147956563925945	0.26147956563925945
2.	71	0.2614802615402259	0.2614802615402259
2.	72	0.26148083495311675	0.26148083495311675
2.	73	0.26148130743722153	0.26148130743722153
2.	74	0.2614816967572421	0.2614816967572421
2.	75	0.2614820175511373	0.2614820175511373
2.	76	0.26148228188043726	0.26148228188043726
2.	77	0.26148249968370735	0.26148249968370735
2.	78	0.2614826791502047	0.2614826791502047
2.	79	0.2614828270277713	0.2614828270277713
2.	80	0.2614829488765378	0.2614829488765378
2.	81	0.2614830492779734	0.2614830492779734
2.	82	0.26148313200714246	0.26148313200714246
2.	83	0.2614832001746421	0.2614832001746421
2.	84	0.2614832563435572	0.2614832563435572
2.	85	0.26148330262583025	0.26148330262583025
2.	86	0.26148334076166924	0.26148334076166924
2.	87	0.26148337218497797	0.26148337218497797
2.	88	0.2614833980772705	0.2614833980772705
2.	89	0.26148341941209546	0.26148341941209546
2.	90	0.26148343699164145	0.26148343699164145
2.	91	0.26148345147689894	0.26148345147689894
2.	92	0.2614834634125132	0.2614834634125132
2.	93	0.26148347324726323	0.26148347324726323
2.	94	0.26148348135093563	0.26148348135093563
2.	95	0.26148348802822835	0.26148348802822835
2.	96	0.26148349353020767	0.26148349353020767
2.	97	0.2614834980637481	0.2614834980637481
2.	98	0.2614835017993108	0.2614835017993108
2.	99	0.2614835048773529	0.2614835048773529
2.	100	0.261483507413609	0.261483507413609
3.	0	0.01	0.01
3.	1	0.01419684317417752	0.01419684317417752
3.	2	0.02003745409669786	0.02003745409669786
3.	3	0.02805458623621008	0.02805458623621008
3.	4	0.03885638454959002	0.03885638454959002
3.	5	0.05305660264572417	0.05305660264572417
3.	6	0.07114608820795083	0.07114608820795083
3.	7	0.09331528767305533	0.09331528767305533
3.	8	0.11928059957797957	0.11928059957797957
3.	9	0.148205471596415	0.148205471596415
3.	10	0.17879305111319238	0.17879305111319238
3.	11	0.20954156887430128	0.20954156887430128
3.	12	0.23905432673783808	0.23905432673783808
3.	13	0.2662721569127068	0.2662721569127068
3.	14	0.29056211443885277	0.29056211443885277
3.	15	0.31168163225691004	0.31168163225691004
3.	16	0.3296787361872728	0.3296787361872728
3.	17	0.34478257924667527	0.34478257924667527
3.	18	0.3573135171839121	0.3573135171839121
3.	19	0.3676207319253662	0.3676207319253662
3.	20	0.37604429339962614	0.37604429339962614
3.	21	0.38289508335266303	0.38289508335266303
3.	22	0.38844632126641293	0.38844632126641293
3.	23	0.3929319636450928	0.3929319636450928
3.	24	0.3965488047718846	0.3965488047718846
3.	25	0.3994603101447869	0.3994603101447869
3.	26	0.4018010352337192	0.4018010352337192
3.	27	0.40368100401713775	0.40368100401713775
3.	28	0.4051897369842731	0.4051897369842731
3.	29	0.4063998006893664	0.4063998006893664
3.	30	0.40736985162175804	0.40736985162175804
3.	31	0.4081471991614373	0.4081471991614373
3.	32	0.4087699362498277	0.4087699362498277
3.	33	0.409268694529738	0.409268694529738
3.	34	0.4096680804440728	0.4096680804440728
3.	35	0.40998784439372055	0.40998784439372055
3.	36	0.41024382895592576	0.41024382895592576
3.	37	0.4104487356764169	0.4104487356764169
3.	38	0.41061274375412576	0.41061274375412576
3.	39	0.41074400835279745	0.41074400835279745
3.	40	0.41084906141068356	0.41084906141068356
3.	41	0.41093313367956985	0.41093313367956985
3.	42	0.4110004132546219	0.4110004132546219
3.	43	0.4110542529806138	0.4110542529806138
3.	44	0.41109733675574534	0.41109733675574534
3.	45	0.41113181282222094	0.41113181282222094
3.	46	0.4111594005612729	0.4111594005612729
3.	47	0.41118147603657473	0.41118147603657473
3.	48	0.41119914050041023	0.41119914050041023
3.	49	0.41121327524650664	0.41121327524650664
3.	50	0.41122458552469787	0.41122458552469787
3.	51	0.41123363569478927	0.41123363569478927
3.	52	0.41124087736493475	0.41124087736493475
3.	53	0.41124667191301617	0.41124667191301617
3.	54	0.4112513085112991	0.4112513085112991
3.	55	0.411255018551564	0.411255018551564
3.	56	0.4112579871891307	0.4112579871891307
3.	57	0.41126036258095366	0.41126036258095366
3.	58	0.411262263278233	0.411262263278233
3.	59	0.41126378414210424	0.41126378414210424
3.	60	0.41126500107740294	0.41126500107740294
3.	61	0.4112659748206035	0.4112659748206035
3.	62	0.41126675397088336	0.41126675397088336
3.	63	0.4112673774155277	0.4112673774155277
3.	64	0.41126787627068423	0.41126787627068423
3.	65	0.4112682754343044	0.4112682754343044
3.	66	0.4112685948287619	0.4112685948287619
3.	67	0.41126885039515687	0.41126885039515687
3.	68	0.4112690548889246	0.4112690548889246
3.	69	0.4112692185164544	0.4112692185164544
3.	70	0.411269349444488	0.411269349444488
3.	71	0.4112694542077217	0.4112694542077217
3.	72	0.4112695380349542	0.4112695380349542
3.	73	0.4112696051100571	0.4112696051100571
3.	74	0.4112696587807938	0.4112696587807938
3.	75	0.4112697017259075	0.4112697017259075
3.	76	0.4112697360888187	0.4112697360888187
3.	77	0.41126976358460465	0.41126976358460465
3.	78	0.4112697855855996	0.4112697855855996
3.	79	0.4112698031898891	0.4112698031898891
3.	80	0.41126981727611595	0.41126981727611595
3.	81	0.41126982854733396	0.41126982854733396
3.	82	0.411269837566098	0.411269837566098
3.	83	0.4112698447825412	0.4112698447825412
3.	84	0.41126985055684145	0.41126985055684145
3.	85	0.41126985517719855	0.41126985517719855
3.	86	0.41126985887421774	0.41126985887421774
3.	87	0.41126986183242004	0.41126986183242004
3.	88	0.41126986419945155	0.41126986419945155
3.	89	0.4112698660934526	0.4112698660934526
3.	90	0.4112698676089541	0.4112698676089541
3.	91	0.41126986882159594	0.41126986882159594
3.	92	0.41126986979190194	0.41126986979190194
3.	93	0.41126987056830067	0.41126987056830067
3.	94	0.411269871189543	0.411269871189543
3.	95	0.41126987168663554	0.41126987168663554
3.	96	0.41126987208438853	0.41126987208438853
3.	97	0.41126987240265384	0.41126987240265384
3.	98	0.41126987265731674	0.41126987265731674
3.	99	0.4112698728610875	0.4112698728610875
3.	100	0.4112698730241364	0.4112698730241364
100.	0	0.01	0.01
100.	1	0.015748031496062992	0.015748031496062992
100.	2	0.024581121569196864	0.024581121569196864
100.	3	0.03785986397769539	0.03785986397769539
100.	4	0.05718783690797902	0.05718783690797902
100.	5	0.08407425271342545	0.08407425271342545
100.	6	0.1193018186717149	0.1193018186717149
100.	7	0.16221194999450475	0.16221194999450475
100.	8	0.21043830676375277	0.21043830676375277
100.	9	0.2605004717549395	0.2605004717549395
100.	10	0.30896094613932995	0.30896094613932995
100.	11	0.3533555054365976	0.3533555054365976
100.	12	0.3924513370451854	0.3924513370451854
100.	13	0.42599755636524433	0.42599755636524433
100.	14	0.45433010045785716	0.45433010045785716
100.	15	0.4780496323148253	0.4780496323148253
100.	16	0.4978231812886502	0.4978231812886502
100.	17	0.5142837420161979	0.5142837420161979
100.	18	0.5279896199907269	0.5279896199907269
100.	19	0.5394149845678001	0.5394149845678001
100.	20	0.5489546324889123	0.5489546324889123
100.	21	0.5569340269807354	0.5569340269807354
100.	22	0.5636203493233777	0.5636203493233777
100.	23	0.5692327491561443	0.5692327491561443
100.	24	0.5739511745214562	0.5739511745214562
100.	25	0.5779237034037761	0.5779237034037761
100.	26	0.5812725166433864	0.5812725166433864
100.	27	0.5840987191740832	0.5840987191740832
100.	28	0.5864862177159598	0.5864862177159598
100.	29	0.5885048390518488	0.5885048390518488
100.	30	0.590212842386301	0.590212842386301
100.	31	0.5916589498610174	0.5916589498610174
100.	32	0.5928839938836227	0.5928839938836227
100.	33	0.5939222590769674	0.5939222590769674
100.	34	0.5948025800196932	0.5948025800196932
100.	35	0.5955492428727999	0.5955492428727999
100.	36	0.5961827287884213	0.5961827287884213
100.	37	0.5967203290673461	0.5967203290673461
100.	38	0.5971766558665085	0.5971766558665085
100.	39	0.5975640674544611	0.5975640674544611
100.	40	0.5978930232578522	0.5978930232578522
100.	41	0.5981723809933978	0.5981723809933978
100.	42	0.5984096458528136	0.5984096458528136
100.	43	0.5986111798616509	0.5986111798616509
100.	44	0.5987823780594632	0.5987823780594632
100.	45	0.5989278169662692	0.5989278169662692
100.	46	0.5990513798460818	0.5990513798460818
100.	47	0.5991563625042211	0.5991563625042211
100.	48	0.5992455627240136	0.5992455627240136
100.	49	0.5993213559315043	0.5993213559315043
100.	50	0.5993857592514714	0.5993857592514714
100.	51	0.5994404857667288	0.5994404857667288
100.	52	0.5994869905014749	0.5994869905014749
100.	53	0.5995265094072696	0.5995265094072696
100.	54	0.599560092428241	0.599560092428241
100.	55	0.5995886315532564	0.5995886315532564
100.	56	0.5996128846212725	0.5996128846212725
100.	57	0.5996334955272731	0.5996334955272731
100.	58	0.5996510113762726	0.5996510113762726
100.	59	0.599665897048699	0.599665897048699
100.	60	0.5996785475694866	0.5996785475694866
100.	61	0.59968929861328	0.59968929861328
100.	62	0.5996984354275031	0.5996984354275031
100.	63	0.5997062004122129	0.5997062004122129
100.	64	0.5997127995593956	0.5997127995593956
100.	65	0.599718407923667	0.599718407923667
100.	66	0.5997231742703096	0.5997231742703096
100.	67	0.5997272250245332	0.5997272250245332
100.	68	0.5997306676271389	0.5997306676271389
100.	69	0.5997335933858945	0.5997335933858945
100.	70	0.5997360798984762	0.5997360798984762
100.	71	0.5997381931113953	0.5997381931113953
100.	72	0.599739989069635	0.599739989069635
100.	73	0.5997415154034814	0.5997415154034814
100.	74	0.5997428125920441	0.5997428125920441
100.	75	0.599743915037015	0.599743915037015
100.	76	0.599744851975179	0.599744851975179
100.	77	0.5997456482538939	0.5997456482538939
100.	78	0.5997463249901243	0.5997463249901243
100.	79	0.599746900130519	0.599746900130519
100.	80	0.599747388927391	0.599747388927391
100.	81	0.5997478043432316	0.5997478043432316
100.	82	0.5997481573944892	0.5997481573944892
100.	83	0.5997484574437328	0.5997484574437328
100.	84	0.5997487124479508	0.5997487124479508
100.	85	0.5997489291695703	0.5997489291695703
100.	86	0.5997491133557968	0.5997491133557968
100.	87	0.5997492698910271	0.5997492698910271
100.	88	0.5997494029263813	0.5997494029263813
100.	89	0.5997495159897884	0.5997495159897884
100.	90	0.5997496120795436	0.5997496120795436
100.	91	0.5997496937438207	0.5997496937438207
100.	92	0.5997497631482478	0.5997497631482478
100.	93	0.5997498221333365	0.5997498221333365
100.	94	0.5997498722632909	0.5997498722632909
100.	95	0.5997499148674886	0.5997499148674886
100.	96	0.5997499510757345	0.5997499510757345
100.	97	0.5997499818482204	0.5997499818482204
100.	98	0.5997500080009897	0.5997500080009897
100.	99	0.5997500302275773	0.5997500302275773
100.	100	0.5997500491174008	0.5997500491174008