lambda	t	m_w	m_x	m_y
0.5	0	1.	1.	1.
0.5	1	0.2857142857142858	0.2857142857142858	0.08163265306122454
0.5	2	0.08504176157934704	0.08504176157934704	0.007232101212518506
0.5	3	0.02652977255586092	0.02652977255586092	0.0007038288318657113
0.5	4	0.008419237016421735	0.008419237016421735	0.00007088355193868596
0.5	5	0.0026869548622876945	0.0026869548622876945	7.219726431971483e-6
0.5	6	0.0008590881304789352	0.0008590881304789352	7.38032415929792e-7
0.5	7	0.00027483268856015076	0.00027483268856015076	7.553300670120082e-8
0.5	8	0.00008793872776786965	0.00008793872776786965	7.733219841431488e-9
0.5	9	0.000028139601069810484	0.000028139601069810484	7.918371483680793e-10
0.5	10	9.004591260371511e-6	9.004591260371511e-6	8.1082663766359e-11
0.5	11	2.881460900524765e-6	2.881460900524765e-6	8.302816921252991e-12
0.5	12	9.220666379617873e-7	9.220666379617873e-7	8.502068848421538e-13
0.5	13	2.9506123708666284e-7	2.9506123708666284e-7	8.706113363111186e-14
0.5	14	9.441958695267453e-8	9.441958695267453e-8	8.915058400313667e-15
0.5	15	3.021426691195394e-8	3.021426691195394e-8	9.129019250267946e-16
0.5	16	9.668565318344107e-9	9.668565318344107e-9	9.348115531508648e-17
0.5	17	3.0939408922976437e-9	3.0939408922976437e-9	9.57247024503154e-18
0.5	18	9.900610845550252e-10	9.900610845550252e-10	9.802209511502728e-19
0.5	19	3.168195469572335e-10	3.168195469572335e-10	1.0037462533418668e-19
0.5	20	1.0138225501603638e-10	1.0138225501603638e-10	1.0278361632136633e-20
0.5	21	3.244232160407915e-11	3.244232160407915e-11	1.052504231062501e-21
0.5	22	1.0381542913197553e-11	1.0381542913197553e-11	1.0777643325856234e-22
0.5	23	3.322093732212182e-12	3.322093732212182e-12	1.1036306765603464e-23
0.5	24	1.0630699943067681e-12	1.0630699943067681e-12	1.130117812795392e-24
0.5	25	3.4018239817805013e-13	3.4018239817805013e-13	1.1572406403016945e-25
0.5	26	1.0885836741696418e-13	1.0885836741696418e-13	1.185014415668677e-26
0.5	27	3.483467757342733e-14	3.483467757342733e-14	1.2134547616446411e-27
0.5	28	1.1147096823496623e-14	1.1147096823496623e-14	1.242577675924085e-28
0.5	29	3.567070983518908e-15	3.567070983518908e-15	1.2723995401462547e-29
0.5	30	1.1414627147260496e-15	1.1414627147260496e-15	1.302937129109763e-30
0.5	31	3.652680687123358e-16	3.652680687123358e-16	1.3342076202083967e-31
0.5	32	1.168857819879474e-16	1.168857819879474e-16	1.3662286030933973e-32
0.5	33	3.7403450236143166e-17	3.7403450236143166e-17	1.3990180895676384e-33
0.5	34	1.1969104075565812e-17	1.1969104075565812e-17	1.4325945237172614e-34
0.5	35	3.83011330418106e-18	3.83011330418106e-18	1.4669767922864758e-35
0.5	36	1.2256362573379397e-18	1.2256362573379397e-18	1.5021842353013524e-36
0.5	37	3.9220360234814076e-19	3.9220360234814076e-19	1.5382366569485851e-37
0.5	38	1.2550515275140503e-19	1.2550515275140503e-19	1.5751543367153508e-38
0.5	39	4.0161648880449615e-20	4.0161648880449615e-20	1.6129580407965198e-39
0.5	40	1.2851727641743876e-20	1.2851727641743876e-20	1.651669033775636e-40
0.5	41	4.112552845358041e-21	4.112552845358041e-21	1.6913090905862519e-41
0.5	42	1.3160169105145731e-21	1.3160169105145731e-21	1.731900508760322e-42
0.5	43	4.211254113646634e-22	4.211254113646634e-22	1.7734661209705696e-43
0.5	44	1.347601316366923e-22	1.347601316366923e-22	1.8160293078738635e-44
0.5	45	4.312324212374154e-23	4.312324212374154e-23	1.8596140112628366e-45
0.5	46	1.3799437479597292e-23	1.3799437479597292e-23	1.9042447475331447e-46
0.5	47	4.415819993471134e-24	4.415819993471134e-24	1.9499466214739406e-47
0.5	48	1.4130623979107633e-24	1.4130623979107633e-24	1.9967453403893164e-48
0.5	49	4.521799673314443e-25	4.521799673314443e-25	2.0446672285586604e-49
0.5	50	1.446975895460622e-25	1.446975895460622e-25	2.0937392420440686e-50
0.5	51	4.6303228654739905e-26	4.6303228654739905e-26	2.1439889838531268e-51
0.5	52	1.4817033169516774e-26	1.4817033169516774e-26	2.195444719465603e-52
0.5	53	4.741450614245368e-27	4.741450614245368e-27	2.248135392732778e-53
0.5	54	1.5172641965585176e-27	1.5172641965585176e-27	2.3020906421583637e-54
0.5	55	4.855245428987257e-28	4.855245428987257e-28	2.357340817570165e-55
0.5	56	1.553678537275922e-28	1.553678537275922e-28	2.4139169971918484e-56
0.5	57	4.9717713192829496e-29	4.9717713192829496e-29	2.4718510051244523e-57
0.5	58	1.5909668221705436e-29	1.5909668221705436e-29	2.531175429247438e-58
0.5	59	5.091093830945739e-30	5.091093830945739e-30	2.591923639549376e-59
0.5	60	1.6291500259026367e-30	1.6291500259026367e-30	2.654129806898562e-60
0.5	61	5.213280082888439e-31	5.213280082888439e-31	2.717828922264129e-61
0.5	62	1.6682496265243007e-31	1.6682496265243007e-31	2.7830568163984687e-62
0.5	63	5.338398804877763e-32	5.338398804877763e-32	2.8498501799920326e-63
0.5	64	1.708287617560884e-32	1.708287617560884e-32	2.9182465843118407e-64
0.5	65	5.4665203761948304e-33	5.4665203761948304e-33	2.988284502335327e-65
0.5	66	1.7492865203823456e-33	1.7492865203823456e-33	3.0600033303913744e-66
0.5	67	5.597716865223507e-34	5.597716865223507e-34	3.133443410320769e-67
0.5	68	1.7912693968715223e-34	1.7912693968715223e-34	3.2086460521684673e-68
0.5	69	5.732062069988871e-35	5.732062069988871e-35	3.2856535574205105e-69
0.5	70	1.834259862396439e-35	1.834259862396439e-35	3.364509242798604e-70
0.5	71	5.869631559668606e-36	5.869631559668606e-36	3.445257464625771e-71
0.5	72	1.8782820990939538e-36	1.8782820990939538e-36	3.527943643776789e-72
0.5	73	6.010502717100652e-37	6.010502717100652e-37	3.6126142912274315e-73
0.5	74	1.923360869472209e-37	1.923360869472209e-37	3.699317034216892e-74
0.5	75	6.15475478231107e-38	6.15475478231107e-38	3.788100643038099e-75
0.5	76	1.9695215303395426e-38	1.9695215303395426e-38	3.8790150584710137e-76
0.5	77	6.302468897086535e-39	6.302468897086535e-39	3.972111419874317e-77
0.5	78	2.016790047067692e-39	2.016790047067692e-39	4.067442093951303e-78
0.5	79	6.453728150616615e-40	6.453728150616615e-40	4.1650607042061356e-79
0.5	80	2.0651930081973174e-40	2.0651930081973174e-40	4.265022161107085e-80
0.5	81	6.608617626231417e-41	6.608617626231417e-41	4.367382692973657e-81
0.5	82	2.1147576403940537e-41	2.1147576403940537e-41	4.472199877605026e-82
0.5	83	6.767224449260974e-42	6.767224449260974e-42	4.579532674667549e-83
0.5	84	2.1655118237635118e-42	2.1655118237635118e-42	4.689441458859571e-84
0.5	85	6.929637836043239e-43	6.929637836043239e-43	4.8019880538722026e-85
0.5	86	2.2174841075338365e-43	2.2174841075338365e-43	4.9172357671651355e-86
0.5	87	7.095949144108277e-44	7.095949144108277e-44	5.0352494255771e-87
0.5	88	2.2707037261146485e-44	2.2707037261146485e-44	5.156095411790949e-88
0.5	89	7.266251923566875e-45	7.266251923566875e-45	5.279841701673931e-89
0.5	90	2.3252006155414002e-45	2.3252006155414002e-45	5.406557902514107e-90
0.5	91	7.440641969732482e-46	7.440641969732482e-46	5.536315292174446e-91
0.5	92	2.3810054303143938e-46	2.3810054303143938e-46	5.669186859186631e-92
0.5	93	7.61921737700606e-47	7.61921737700606e-47	5.8052473438071095e-93
0.5	94	2.4381495606419397e-47	2.4381495606419397e-47	5.944573280058483e-94
0.5	95	7.802078594054206e-48	7.802078594054206e-48	6.087243038779886e-95
0.5	96	2.496665150097346e-48	2.496665150097346e-48	6.233336871710604e-96
0.5	97	7.989328480311507e-49	7.989328480311507e-49	6.382936956631658e-97
0.5	98	2.5565851136996825e-49	2.5565851136996825e-49	6.536127443590819e-98
0.5	99	8.181072363838983e-50	8.181072363838983e-50	6.6929945022369965e-99
0.5	100	2.617943156428475e-50	2.617943156428475e-50	6.853626370290687e-100
0.5	101	8.377418100571121e-51	8.377418100571121e-51	7.018113403177665e-101
0.5	102	2.680773792182758e-51	2.680773792182758e-51	7.186548124853927e-102
0.5	103	8.578476134984828e-52	8.578476134984828e-52	7.359025279850423e-103
0.5	104	2.7451123631951455e-52	2.7451123631951455e-52	7.535641886566836e-104
0.5	105	8.784359562224468e-53	8.784359562224468e-53	7.716497291844444e-105
0.5	106	2.81099505991183e-53	2.81099505991183e-53	7.901693226848712e-106
0.5	107	8.995184191717858e-54	8.995184191717858e-54	8.091333864293086e-107
0.5	108	2.878458941349714e-54	2.878458941349714e-54	8.285525877036118e-108
0.5	109	9.211068612319086e-55	9.211068612319086e-55	8.484378498084985e-109
0.5	110	2.9475419559421085e-55	2.9475419559421085e-55	8.688003582039031e-110
0.5	111	9.432134259014747e-56	9.432134259014747e-56	8.896515668007966e-111
0.5	112	3.0182829628847196e-56	3.0182829628847196e-56	9.110032044040161e-112
0.5	113	9.658505481231104e-57	9.658505481231104e-57	9.328672813097128e-113
0.5	114	3.090721753993953e-57	3.090721753993953e-57	9.552560960611459e-114
0.5	115	9.89030961278065e-58	9.89030961278065e-58	9.781822423666133e-115
0.5	116	3.164899076089808e-58	3.164899076089808e-58	1.0016586161834119e-115
0.5	117	1.0127677043487386e-58	1.0127677043487386e-58	1.0256984229718139e-116
0.5	118	3.240856653915963e-59	3.240856653915963e-59	1.0503151851231372e-117
0.5	119	1.0370741292531083e-59	1.0370741292531083e-59	1.0755227495660928e-118
0.5	120	3.318637213609947e-60	3.318637213609947e-60	1.1013352955556793e-119
0.5	121	1.0619639083551832e-60	1.0619639083551832e-60	1.1277673426490158e-120
0.5	122	3.3982845067365876e-61	3.3982845067365876e-61	1.1548337588725931e-121
0.5	123	1.087451042155708e-61	1.087451042155708e-61	1.1825497690855355e-122
0.5	124	3.479843334898266e-62	3.479843334898266e-62	1.2109309635435885e-123
0.5	125	1.1135498671674451e-62	1.1135498671674451e-62	1.2399933066686347e-124
0.5	126	3.563359574935825e-63	3.563359574935825e-63	1.2697531460286822e-125
0.5	127	1.140275063979464e-63	1.140275063979464e-63	1.3002272215333707e-126
0.5	128	3.648880204734286e-64	3.648880204734286e-64	1.3314326748501727e-127
0.5	129	1.1676416655149718e-64	1.1676416655149718e-64	1.3633870590465773e-128
0.5	130	3.73645332964791e-65	3.73645332964791e-65	1.3961083484636952e-129
0.5	131	1.1956650654873314e-65	1.1956650654873314e-65	1.4296149488268244e-130
0.5	132	3.826128209559461e-66	3.826128209559461e-66	1.4639257075986684e-131
0.5	133	1.2243610270590274e-66	1.2243610270590274e-66	1.4990599245810365e-132
0.5	134	3.917955286588888e-67	3.917955286588888e-67	1.5350373627709814e-133
0.5	135	1.2537456917084445e-67	1.2537456917084445e-67	1.571878259477486e-134
0.5	136	4.011986213467022e-68	4.011986213467022e-68	1.6096033377049454e-135
0.5	137	1.2838355883094471e-68	1.2838355883094471e-68	1.6482338178098642e-136
0.5	138	4.1082738825902315e-69	4.1082738825902315e-69	1.6877914294373014e-137
0.5	139	1.3146476424288745e-69	1.3146476424288745e-69	1.728298423743798e-138
0.5	140	4.2068724557723996e-70	4.2068724557723996e-70	1.7697775859136502e-139
0.5	141	1.346199185847168e-70	1.346199185847168e-70	1.812252247975578e-140
0.5	142	4.307837394710938e-71	4.307837394710938e-71	1.8557463019269922e-141
0.5	143	1.3785079663075004e-71	1.3785079663075004e-71	1.9002842131732404e-142
0.5	144	4.4112254921840023e-72	4.4112254921840023e-72	1.9458910342893992e-143
0.5	145	1.411592157498881e-72	1.411592157498881e-72	1.9925924191123454e-144
0.5	146	4.5170949039964193e-73	4.5170949039964193e-73	2.0404146371710422e-145
0.5	147	1.4454703692788545e-73	1.4454703692788545e-73	2.089384588463148e-146
0.5	148	4.625505181692335e-74	4.625505181692335e-74	2.1395298185862642e-147
0.5	149	1.4801616581415472e-74	1.4801616581415472e-74	2.1908785342323345e-148
0.5	150	4.736517306052952e-75	4.736517306052952e-75	2.243459619053911e-149
0.5	151	1.5156855379369448e-75	1.5156855379369448e-75	2.2973026499112056e-150
0.5	152	4.8501937213982237e-76	4.8501937213982237e-76	2.352437913509075e-151
0.5	153	1.552061990847432e-76	1.552061990847432e-76	2.4088964234332945e-152
0.5	154	4.9665983707117825e-77	4.9665983707117825e-77	2.4667099375956934e-153
0.5	155	1.5893114786277707e-77	1.5893114786277707e-77	2.525910976097991e-154
0.5	156	5.085796731608868e-78	5.085796731608868e-78	2.5865328395243446e-155
0.5	157	1.6274549541148378e-78	1.6274549541148378e-78	2.6486096276729285e-156
0.5	158	5.2078558531674817e-79	5.2078558531674817e-79	2.7121762587370797e-157
0.5	159	1.6665138730135948e-79	1.6665138730135948e-79	2.777268488946772e-158
0.5	160	5.332844393643503e-80	5.332844393643503e-80	2.843922932681494e-159
0.5	161	1.706510205965921e-80	1.706510205965921e-80	2.91217708306585e-160
0.5	162	5.460832659090948e-81	5.460832659090948e-81	2.9820693330594315e-161
0.5	163	1.7474664509091037e-81	1.7474664509091037e-81	3.053638997052859e-162
0.5	164	5.591892642909132e-82	5.591892642909132e-82	3.126926332982127e-163
0.5	165	1.7894056457309224e-82	1.7894056457309224e-82	3.201972564973699e-164
0.5	166	5.7260980663389524e-83	5.7260980663389524e-83	3.278819906533069e-165
0.5	167	1.8323513812284652e-83	1.8323513812284652e-83	3.357511584289864e-166
0.5	168	5.863524419931091e-84	5.863524419931091e-84	3.438091862312824e-167
0.5	169	1.8763278143779492e-84	1.8763278143779492e-84	3.520606067008332e-168
0.5	170	6.004249006009437e-85	6.004249006009437e-85	3.6051006126165313e-169
0.5	171	1.92135968192302e-85	1.92135968192302e-85	3.691623027319328e-170
0.5	172	6.1483509821536635e-86	6.1483509821536635e-86	3.780221979974992e-171
0.5	173	1.967472314289173e-86	1.967472314289173e-86	3.870947307494394e-172
0.5	174	6.295911405725355e-87	6.295911405725355e-87	3.9638500428742615e-173
0.5	175	2.0146916498321144e-87	2.0146916498321144e-87	4.058982443903247e-174
0.5	176	6.447013279462767e-88	6.447013279462767e-88	4.156398022556926e-175
0.5	177	2.063044249428086e-88	2.063044249428086e-88	4.2561515750982946e-176
0.5	178	6.601741598169876e-89	6.601741598169876e-89	4.358299212900655e-177
0.5	179	2.1125573114143612e-89	2.1125573114143612e-89	4.4628983940102745e-178
0.5	180	6.760183396525957e-90	6.760183396525957e-90	4.570007955466523e-179
0.5	181	2.163258686888307e-90	2.163258686888307e-90	4.679688146397723e-180
0.5	182	6.922427798042584e-91	6.922427798042584e-91	4.79200066191127e-181
0.5	183	2.2151768953736272e-91	2.2151768953736272e-91	4.9070086777971416e-182
0.5	184	7.088566065195607e-92	7.088566065195607e-92	5.0247768860642735e-183
0.5	185	2.2683411408625944e-92	2.2683411408625944e-92	5.145371531329816e-184
0.5	186	7.258691650760301e-93	7.258691650760301e-93	5.26886044808173e-185
0.5	187	2.322781328243297e-93	2.322781328243297e-93	5.395313098835696e-186
0.5	188	7.432900250378551e-94	7.432900250378551e-94	5.524800613207753e-187
0.5	189	2.3785280801211361e-94	2.3785280801211361e-94	5.6573958279247375e-188
0.5	190	7.611289856387637e-95	7.611289856387637e-95	5.793173327794934e-189
0.5	191	2.4356127540440444e-95	2.4356127540440444e-95	5.932209487662014e-190
0.5	192	7.793960812940943e-96	7.793960812940943e-96	6.074582515365904e-191
0.5	193	2.4940674601411016e-96	2.4940674601411016e-96	6.220372495734685e-192
0.5	194	7.981015872451524e-97	7.981015872451524e-97	6.369661435632316e-193
0.5	195	2.553925079184488e-97	2.553925079184488e-97	6.522533310087493e-194
0.5	196	8.172560253390362e-98	8.172560253390362e-98	6.679074109529594e-195
0.5	197	2.6152192810849155e-98	2.6152192810849155e-98	6.839371888158303e-196
0.5	198	8.36870169947173e-99	8.36870169947173e-99	7.003516813474102e-197
0.5	199	2.6779845438309543e-99	2.6779845438309543e-99	7.171601216997485e-198
0.5	200	8.569550540259053e-100	8.569550540259053e-100	7.343719646205424e-199
1.	0	1.	1.	1.
1.	1	0.6153846153846154	0.6153846153846154	0.37869822485207105
1.	2	0.37783832879200735	0.37783832879200735	0.14276180270433705
1.	3	0.24557086462454106	0.24557086462454106	0.06030504955244467
1.	4	0.1684437878824229	0.1684437878824229	0.02837330967617868
1.	5	0.12025596407687007	0.12025596407687007	0.014461496896057465
1.	6	0.08834441340753191	0.08834441340753191	0.007804735380320903
1.	7	0.06625169546344258	0.06625169546344258	0.004389287151780738
1.	8	0.05043873028730916	0.05043873028730916	0.002544065512995918
1.	9	0.03883341508615119	0.03883341508615119	0.0015080341272533152
1.	10	0.03015272122382894	0.03015272122382894	0.0009091865972019441
1.	11	0.023564463077296087	0.023564463077296087	0.0005552839201212505
1.	12	0.018507807763709118	0.018507807763709118	0.0003425389482184115
1.	13	0.014592682640002505	0.014592682640002505	0.0002129463866318305
1.	14	0.01154064767443435	0.01154064767443435	0.00013318654874542696
1.	15	0.009148662189303458	0.009148662189303458	0.00008369801985399075
1.	16	0.007266054089163702	0.007266054089163702	0.00005279554202665255
1.	17	0.005779401081945807	0.005779401081945807	0.000033401476865996365
1.	18	0.004602318810628403	0.004602318810628403	0.00002118133843466404
1.	19	0.0036683874284073933	0.0036683874284073933	0.000013457066324897407
1.	20	0.002926142252608539	0.002926142252608539	8.562308482500976e-6
1.	21	0.0023354566977193112	0.0023354566977193112	5.45435798692199e-6
1.	22	0.001864886155364174	0.001864886155364174	3.4778003724689704e-6
1.	23	0.0014896890343471172	0.0014896890343471172	2.2191734190540463e-6
1.	24	0.001190333966291007	0.001190333966291007	1.4168949513060804e-6
1.	25	0.0009513618963192004	0.0009513618963192004	9.050894577680649e-7
1.	26	0.0007605110442372508	0.0007605110442372508	5.783770484068335e-7
1.	27	0.0006080390748823027	0.0006080390748823027	3.6971151658372655e-7
1.	28	0.0004861948494086023	0.0004861948494086023	2.3638543159145344e-7
1.	29	0.00038880469760764285	0.00038880469760764285	1.511690928817706e-7
1.	30	0.00031094706344572703	0.00031094706344572703	9.668807626552099e-8
1.	31	0.00024869579779712773	0.00024869579779712773	6.184959984194984e-8
1.	32	0.00019891706851793233	0.00019891706851793233	3.9568000147767784e-8
1.	33	0.00015910833847073295	0.00015910833847073295	2.531546337091732e-8
1.	34	0.00012727047255280246	0.00012727047255280246	1.6197773183813645e-8
1.	35	0.0001018060133472154	0.0001018060133472154	1.0364464353653401e-8
1.	36	0.00008143817838278356	0.00008143817838278356	6.632176898306076e-9
1.	37	0.00006514629860554829	0.00006514629860554829	4.2440402220032634e-9
1.	38	0.00005211432295083061	0.00005211432295083061	2.71590265662347e-9
1.	39	0.00004168972031203864	0.00004168972031203864	1.7380327796960072e-9
1.	40	0.00003335066397473052	0.00003335066397473052	1.1122667875553882e-9
1.	41	0.000026679819362869572	0.000026679819362869572	7.118127612353501e-10
1.	42	0.00002134339994744776	0.00002134339994744776	4.555407213167131e-10
1.	43	0.000017074428420763536	0.000017074428420763536	2.9153610589577754e-10
1.	44	0.00001365935615804273	0.00001365935615804273	1.8657801065225987e-10
1.	45	0.000010927365518831596	0.000010927365518831596	1.1940731718214972e-10
1.	46	8.741815995572249e-6	8.741815995572249e-6	7.641934690044283e-11
1.	47	6.993403888685034e-6	6.993403888685034e-6	4.8907697950274953e-11
1.	48	5.59469181033327e-6	5.59469181033327e-6	3.130057645261016e-11
1.	49	4.475733416057393e-6	4.475733416057393e-6	2.0032189611612777e-11
1.	50	3.5805739123263316e-6	3.5805739123263316e-6	1.2820509541631893e-11
1.	51	2.8644509247768238e-6	2.8644509247768238e-6	8.2050791004548e-12
1.	52	2.2915554885922697e-6	2.2915554885922697e-6	5.251226557297356e-12
1.	53	1.8332410300997937e-6	1.8332410300997937e-6	3.3607726744413525e-12
1.	54	1.4665906731909424e-6	1.4665906731909424e-6	2.1508882026906615e-12
1.	55	1.1732711619871813e-6	1.1732711619871813e-6	1.3765652195507505e-12
1.	56	9.386160485894776e-7	9.386160485894776e-7	8.810000866697247e-13
1.	57	7.50892275032281e-7	7.50892275032281e-7	5.638392087031547e-13
1.	58	6.007134591691174e-7	6.007134591691174e-7	3.6085666002692685e-13
1.	59	4.805705363872292e-7	4.805705363872292e-7	2.309480404435092e-13
1.	60	3.844562813031387e-7	3.844562813031387e-7	1.478066322334381e-13
1.	61	3.075649304463182e-7	3.075649304463182e-7	9.459618644044856e-14
1.	62	2.4605188381552174e-7	2.4605188381552174e-7	6.054152952916701e-14
1.	63	1.968414683058521e-7	1.968414683058521e-7	3.874656364480378e-14
1.	64	1.5747314984688787e-7	1.5747314984688787e-7	2.4797792922700402e-14
1.	65	1.259785040069264e-7	1.259785040069264e-7	1.5870583471823168e-14
1.	66	1.0078279304836953e-7	1.0078279304836953e-7	1.015717137463048e-14
1.	67	8.06262279381069e-8	8.06262279381069e-8	6.500588631527569e-15
1.	68	6.450097819010927e-8	6.450097819010927e-8	4.160376187480952e-15
1.	69	5.16007798894469e-8	5.16007798894469e-8	2.6626404851991473e-15
1.	70	4.128062220746774e-8	4.128062220746774e-8	1.7040897698356788e-15
1.	71	3.3024496675356804e-8	3.3024496675356804e-8	1.0906173806606525e-15
1.	72	2.641959664229035e-8	2.641959664229035e-8	6.979950867413196e-16
1.	73	2.1135676867115447e-8	2.1135676867115447e-8	4.467168366311191e-16
1.	74	1.6908541207793592e-8	1.6908541207793592e-8	2.85898765775654e-16
1.	75	1.352683278325967e-8	1.352683278325967e-8	1.8297520514626854e-16
1.	76	1.082146610950361e-8	1.082146610950361e-8	1.171041287591352e-16
1.	77	8.657172812656245e-9	8.657172812656245e-9	7.494664110819444e-17
1.	78	6.925738202159146e-9	6.925738202159146e-9	4.79658496448466e-17
1.	79	5.540590531029173e-9	5.540590531029173e-9	3.0698143432530127e-17
1.	80	4.4324724051765265e-9	4.4324724051765265e-9	1.964681162265138e-17
1.	81	3.545977911567262e-9	3.545977911567262e-9	1.2573959349322922e-17
1.	82	2.836782321206476e-9	2.836782321206476e-9	8.047333937909602e-18
1.	83	2.2694258518148872e-9	2.2694258518148872e-9	5.150293696885726e-18
1.	84	1.815540678155722e-9	1.815540678155722e-9	3.2961879540381394e-18
1.	85	1.4524325404150175e-9	1.4524325404150175e-9	2.1095602844564214e-18
1.	86	1.1619460309818952e-9	1.1619460309818952e-9	1.3501185789145795e-18
1.	87	9.295568239214402e-10	9.295568239214402e-10	8.640758888989154e-19
1.	88	7.436454585841436e-10	7.436454585841436e-10	5.530085680728213e-19
1.	89	5.949163665133895e-10	5.949163665133895e-10	3.5392548314549355e-19
1.	90	4.759330929841993e-10	4.759330929841993e-10	2.2651230899750647e-19
1.	91	3.8074647424239155e-10	3.8074647424239155e-10	1.4496787764801213e-19
1.	92	3.045971793011338e-10	3.045971793011338e-10	9.277944163820704e-20
1.	93	2.436777433815282e-10	2.436777433815282e-10	5.937884261951391e-20
1.	94	1.9494219466722008e-10	1.9494219466722008e-10	3.800245926167233e-20
1.	95	1.559537557094545e-10	1.559537557094545e-10	2.4321573919884213e-20
1.	96	1.2476300455199778e-10	1.2476300455199778e-10	1.5565807304841817e-20
1.	97	9.981040363163612e-11	9.981040363163612e-11	9.962116673110121e-21
1.	98	7.984832289893314e-11	7.984832289893314e-11	6.3757546697722906e-21
1.	99	6.387865831506603e-11	6.387865831506603e-11	4.080482988132955e-21
1.	100	5.1102926649441315e-11	5.1102926649441315e-11	2.611509112138179e-21
1.	101	4.088234131788168e-11	4.088234131788168e-11	1.6713658316317758e-21
1.	102	3.2705873053235675e-11	3.2705873053235675e-11	1.0696741321743675e-21
1.	103	2.616469844190395e-11	2.616469844190395e-11	6.84591444555771e-22
1.	104	2.0931758753085023e-11	2.0931758753085023e-11	4.381385244973515e-22
1.	105	1.674540700218761e-11	1.674540700218761e-11	2.8040865566891384e-22
1.	106	1.3396325601570627e-11	1.3396325601570627e-11	1.7946153962329663e-22
1.	107	1.0717060481141648e-11	1.0717060481141648e-11	1.1485538535644806e-22
1.	108	8.573648384839812e-12	8.573648384839812e-12	7.350744662686632e-23
1.	109	6.858918707824805e-12	6.858918707824805e-12	4.70447658405491e-23
1.	110	5.487134966229736e-12	5.487134966229736e-12	3.010865013762101e-23
1.	111	4.38970797296452e-12	4.38970797296452e-12	1.9269536087908276e-23
1.	112	3.5117663783592835e-12	3.5117663783592835e-12	1.2332503096174678e-23
1.	113	2.8094131026795345e-12	2.8094131026795345e-12	7.892801981507449e-24
1.	114	2.2475304821385764e-12	2.2475304821385764e-12	5.0513932681420616e-24
1.	115	1.7980243857076282e-12	1.7980243857076282e-12	3.232891691599294e-24
1.	116	1.4384195085640335e-12	1.4384195085640335e-12	2.0690506826175956e-24
1.	117	1.1507356068499027e-12	1.1507356068499027e-12	1.3241924368722138e-24
1.	118	9.205884854790747e-13	9.205884854790747e-13	8.474831595966566e-25
1.	119	7.364707883827175e-13	7.364707883827175e-13	5.423892221410614e-25
1.	120	5.891766307058269e-13	5.891766307058269e-13	3.4712910216987037e-25
1.	121	4.713413045644393e-13	4.713413045644393e-13	2.2216262538850755e-25
1.	122	3.7707304365140927e-13	3.7707304365140927e-13	1.421840802485376e-25
1.	123	3.016584349210364e-13	3.016584349210364e-13	9.099781135900916e-26
1.	124	2.4132674793677086e-13	2.4132674793677086e-13	5.823859926973775e-26
1.	125	1.9306139834937945e-13	1.9306139834937945e-13	3.7272703532617777e-26
1.	126	1.544491186794797e-13	1.544491186794797e-13	2.3854530260868008e-26
1.	127	1.2355929494356851e-13	1.2355929494356851e-13	1.5266899366951755e-26
1.	128	9.884743595484504e-14	9.884743595484504e-14	9.770815594847193e-27
1.	129	7.907794876386978e-14	7.907794876386978e-14	6.253321980701215e-27
1.	130	6.326235901109184e-14	6.326235901109184e-14	4.0021260676482725e-27
1.	131	5.0609887208870905e-14	5.0609887208870905e-14	2.561360683294635e-27
1.	132	4.048790976709509e-14	4.048790976709509e-14	1.6392708373084337e-27
1.	133	3.239032781367502e-14	3.239032781367502e-14	1.0491333358773297e-27
1.	134	2.591226225093935e-14	2.591226225093935e-14	6.714453349614564e-28
1.	135	2.0729809800751052e-14	2.0729809800751052e-14	4.297250143753144e-28
1.	136	1.6583847840600568e-14	1.6583847840600568e-14	2.750240092001921e-28
1.	137	1.3267078272480279e-14	1.3267078272480279e-14	1.760153658881183e-28
1.	138	1.061366261798411e-14	1.061366261798411e-14	1.126498341683933e-28
1.	139	8.490930094387217e-15	8.490930094387217e-15	7.209589386777052e-29
1.	140	6.792744075509727e-15	6.792744075509727e-15	4.61413720753725e-29
1.	141	5.4341952604077534e-15	5.4341952604077534e-15	2.9530478128238094e-29
1.	142	4.3473562083261835e-15	4.3473562083261835e-15	1.8899506002072211e-29
1.	143	3.4778849666609343e-15	3.4778849666609343e-15	1.2095683841326128e-29
1.	144	2.78230797332874e-15	2.78230797332874e-15	7.74123765844868e-30
1.	145	2.2258463786629868e-15	2.2258463786629868e-15	4.9543921014071326e-30
1.	146	1.7806771029303864e-15	1.7806771029303864e-15	3.170810944900554e-30
1.	147	1.4245416823443074e-15	1.4245416823443074e-15	2.0293190047363497e-30
1.	148	1.1396333458754448e-15	1.1396333458754448e-15	1.2987641630312613e-30
1.	149	9.117066767003552e-16	9.117066767003552e-16	8.31209064340006e-31
1.	150	7.2936534136028365e-16	7.2936534136028365e-16	5.3197380117760305e-31
1.	151	5.834922730882266e-16	5.834922730882266e-16	3.4046323275366557e-31
1.	152	4.667938184705811e-16	4.667938184705811e-16	2.178964689623458e-31
1.	153	3.7343505477646474e-16	3.7343505477646474e-16	1.3945374013590122e-31
1.	154	2.9874804382117175e-16	2.9874804382117175e-16	8.925039368697675e-32
1.	155	2.389984350569374e-16	2.389984350569374e-16	5.712025195966512e-32
1.	156	1.9119874804554988e-16	1.9119874804554988e-16	3.6556961254185665e-32
1.	157	1.5295899843643988e-16	1.5295899843643988e-16	2.3396455202678816e-32
1.	158	1.223671987491519e-16	1.223671987491519e-16	1.497373132971444e-32
1.	159	9.789375899932152e-17	9.789375899932152e-17	9.583188051017244e-33
1.	160	7.831500719945723e-17	7.831500719945723e-17	6.133240352651038e-33
1.	161	6.265200575956578e-17	6.265200575956578e-17	3.9252738256966635e-33
1.	162	5.012160460765263e-17	5.012160460765263e-17	2.5121752484458653e-33
1.	163	4.009728368612211e-17	4.009728368612211e-17	1.607792159005354e-33
1.	164	3.207782694889769e-17	3.207782694889769e-17	1.0289869817634268e-33
1.	165	2.5662261559118153e-17	2.5662261559118153e-17	6.5855166832859324e-34
1.	166	2.0529809247294523e-17	2.0529809247294523e-17	4.2147306773029975e-34
1.	167	1.642384739783562e-17	1.642384739783562e-17	2.697427633473919e-34
1.	168	1.3139077918268497e-17	1.3139077918268497e-17	1.7263536854233082e-34
1.	169	1.0511262334614798e-17	1.0511262334614798e-17	1.1048663586709172e-34
1.	170	8.40900986769184e-18	8.40900986769184e-18	7.071144695493872e-35
1.	171	6.727207894153472e-18	6.727207894153472e-18	4.5255326051160784e-35
1.	172	5.3817663153227775e-18	5.3817663153227775e-18	2.8963408672742904e-35
1.	173	4.3054130522582224e-18	4.3054130522582224e-18	1.8536581550555464e-35
1.	174	3.444330441806578e-18	3.444330441806578e-18	1.1863412192355497e-35
1.	175	2.7554643534452624e-18	2.7554643534452624e-18	7.592583803107519e-36
1.	176	2.20437148275621e-18	2.20437148275621e-18	4.859253633988813e-36
1.	177	1.763497186204968e-18	1.763497186204968e-18	3.10992232575284e-36
1.	178	1.4107977489639747e-18	1.4107977489639747e-18	1.990350288481818e-36
1.	179	1.1286381991711798e-18	1.1286381991711798e-18	1.2738241846283637e-36
1.	180	9.02910559336944e-19	9.02910559336944e-19	8.152474781621529e-37
1.	181	7.223284474695552e-19	7.223284474695552e-19	5.217583860237779e-37
1.	182	5.778627579756441e-19	5.778627579756441e-19	3.339253670552179e-37
1.	183	4.622902063805154e-19	4.622902063805154e-19	2.137122349153395e-37
1.	184	3.698321651044123e-19	3.698321651044123e-19	1.3677583034581728e-37
1.	185	2.9586573208352985e-19	2.9586573208352985e-19	8.753653142132307e-38
1.	186	2.366925856668239e-19	2.366925856668239e-19	5.602338010964677e-38
1.	187	1.8935406853345912e-19	1.8935406853345912e-19	3.5854963270173935e-38
1.	188	1.514832548267673e-19	1.514832548267673e-19	2.294717649291132e-38
1.	189	1.2118660386141385e-19	1.2118660386141385e-19	1.4686192955463247e-38
1.	190	9.694928308913108e-20	9.694928308913108e-20	9.399163491496478e-39
1.	191	7.755942647130487e-20	7.755942647130487e-20	6.015464634557748e-39
1.	192	6.204754117704391e-20	6.204754117704391e-20	3.849897366116959e-39
1.	193	4.963803294163513e-20	4.963803294163513e-20	2.4639343143148542e-39
1.	194	3.9710426353308107e-20	3.9710426353308107e-20	1.576917961161507e-39
1.	195	3.1768341082646485e-20	3.1768341082646485e-20	1.0092274951433644e-39
1.	196	2.541467286611719e-20	2.541467286611719e-20	6.459055968917534e-40
1.	197	2.0331738292893754e-20	2.0331738292893754e-20	4.133795820107223e-40
1.	198	1.6265390634315005e-20	1.6265390634315005e-20	2.645629324868623e-40
1.	199	1.3012312507452005e-20	1.3012312507452005e-20	1.693202767915919e-40
1.	200	1.0409850005961604e-20	1.0409850005961604e-20	1.0836497714661881e-40
2.	0	1.	1.	1.
2.	1	0.8648648648648648	0.8648648648648648	0.7479912344777209
2.	2	0.7337942788526718	0.7337942788526718	0.5384540436769126
2.	3	0.6226455155764046	0.6226455155764046	0.3876874380674067
2.	4	0.5360282465892005	0.5360282465892005	0.28732628114149267
2.	5	0.4711510649198434	0.4711510649198434	0.22198332597510248
2.	6	0.4230648817116454	0.4230648817116454	0.17898389413768853
2.	7	0.38726248514574946	0.38726248514574946	0.1499722324012618
2.	8	0.36031796538312155	0.36031796538312155	0.12982903617783237
2.	9	0.3397864321396908	0.3397864321396908	0.11545481946622069
2.	10	0.32395254836973847	0.32395254836973847	0.10494525359524774
2.	11	0.31160915960719593	0.31160915960719593	0.0971002683511029
2.	12	0.3018966926099543	0.3018966926099543	0.09114161300882923
2.	13	0.2941937630395892	0.2941937630395892	0.08654997021139398
2.	14	0.28804401421730563	0.28804401421730563	0.08296935412641937
2.	15	0.2831071443045476	0.2831071443045476	0.08014965515627594
2.	16	0.27912580275997045	0.27912580275997045	0.07791121376639792
2.	17	0.2759028998285871	0.2759028998285871	0.07612241013382338
2.	18	0.27328580740033703	0.27328580740033703	0.0746851325264541
2.	19	0.2711551785853283	0.2711551785853283	0.07352513087364128
2.	20	0.2694169082934578	0.2694169082934578	0.07258547047440546
2.	21	0.2679962629851495	0.2679962629851495	0.07182199697400542
2.	22	0.26683353190037234	0.26683353190037234	0.07120013374642703
2.	23	0.26588076193366394	0.26588076193366394	0.07069257956642568
2.	24	0.26509927585666376	0.26509927585666376	0.07027762605972751
2.	25	0.2644577649027662	0.2644577649027662	0.06993790941736674
2.	26	0.2639308081687409	0.2639308081687409	0.06965947150060472
2.	27	0.26349771318772625	0.26349771318772625	0.06943104485516124
2.	28	0.26314160098736744	0.26314160098736744	0.0692435021701949
2.	29	0.2628486792306167	0.2628486792306167	0.06908942817327965
2.	30	0.26260766143203645	0.26260766143203645	0.06896278384280309
2.	31	0.26240930059197204	0.26240930059197204	0.06885864103716793
2.	32	0.26224601312665213	0.26224601312665213	0.06877297140082421
2.	33	0.26211157452710976	0.26211157452710976	0.06870247750108062
2.	34	0.2620008723232296	0.2620008723232296	0.06864445709813326
2.	35	0.26190970505482664	0.26190970505482664	0.06859669360190628
2.	36	0.2618346183345314	0.2618346183345314	0.06855736735838974
2.	37	0.26177277092181134	0.26177277092181134	0.06852498359608311
2.	38	0.26172182515260695	0.26172182515260695	0.06849831376121177
2.	39	0.2616798571852234	0.2616798571852234	0.06847634765647892
2.	40	0.26164528340365883	0.26164528340365883	0.06845825432738095
2.	41	0.26161680001869575	0.26161680001869575	0.06844335005202225
2.	42	0.2615933334653403	0.2615933334653403	0.06843107211350873
2.	43	0.2615739996431406	0.2615739996431406	0.06842095728930972
2.	44	0.26155807040686546	0.26155807040686546	0.06841262419496279
2.	45	0.26154494600693096	0.26154494600693096	0.06840575878176842
2.	46	0.2615341324157487	0.2615341324157487	0.06840010241845837
2.	47	0.2615252226687511	0.2615252226687511	0.06839544209193985
2.	48	0.26151788150581584	0.26151788150581584	0.06839160234728993
2.	49	0.2615118327269888	0.2615118327269888	0.06838843865622857
2.	50	0.2615068487812306	0.2615068487812306	0.0683858319594894
2.	51	0.261502742192755	0.261502742192755	0.06838368417433048
2.	52	0.2614993584998925	0.2614993584998925	0.06838191449585529
2.	53	0.2614965704391527	0.2614965704391527	0.06838045635143875
2.	54	0.26149427315456414	0.26149427315456414	0.0683792548926338
2.	55	0.26149238025131866	0.26149238025131866	0.06837826492950022
2.	56	0.26149082054476647	0.26149082054476647	0.06837744922917526
2.	57	0.26148953538213465	0.26148953538213465	0.06837677711436466
2.	58	0.26148847643600226	0.26148847643600226	0.0683762233088217
2.	59	0.2614876038863874	0.2614876038863874	0.06837576698624426
2.	60	0.2614868849229716	0.2614868849229716	0.06837539098671941
2.	61	0.2614862925110616	0.2614862925110616	0.06837508117118046
2.	62	0.2614858043748339	0.2614858043748339	0.06837482588955389
2.	63	0.26148540215959315	0.26148540215959315	0.06837461554256416
2.	64	0.2614850707415194	0.2614850707415194	0.0683744422206974
2.	65	0.26148479765893395	0.26148479765893395	0.06837429940673363
2.	66	0.2614845726436864	0.2614845726436864	0.06837418173065131
2.	67	0.26148438723503614	0.26148438723503614	0.06837408476768234
2.	68	0.2614842344615034	0.2614842344615034	0.06837400487191847
2.	69	0.2614841085787248	0.2614841085787248	0.06837393903921034
2.	70	0.26148400485345413	0.26148400485345413	0.06837388479420123
2.	71	0.2614839193855842	0.2614839193855842	0.06837384009724669
2.	72	0.26148384896149757	0.26148384896149757	0.06837380326771927
2.	73	0.26148379093323093	0.26148379093323093	0.06837377292081362
2.	74	0.2614837431189092	0.2614837431189092	0.0683737479154757
2.	75	0.26148370372070534	0.26148370372070534	0.06837372731149761
2.	76	0.261483671257241	0.261483671257241	0.06837371033416487
2.	77	0.26148364450788564	0.26148364450788564	0.06837369634512631
2.	78	0.26148362246686063	0.26148362246686063	0.0683736848183917
2.	79	0.2614836043054213	0.2614836043054213	0.06837367532055413
2.	80	0.2614835893406959	0.2614835893406959	0.06837366749449368
2.	81	0.2614835770100097	0.2614835770100097	0.06837366104594966
2.	82	0.2614835668497281	0.2614835668497281	0.06837365573245624
2.	83	0.26148355847782395	0.26148355847782395	0.06837365135422557
2.	84	0.26148355157951314	0.26148355157951314	0.06837364774663592
2.	85	0.26148354589541895	0.26148354589541895	0.06837364477404166
2.	86	0.26148354121181905	0.26148354121181905	0.06837364232467306
2.	87	0.26148353735261004	0.26148353735261004	0.06837364030643381
2.	88	0.2614835341726855	0.2614835341726855	0.06837363864343798
2.	89	0.2614835315524801	0.2614835315524801	0.06837363727315686
2.	90	0.26148352939347413	0.26148352939347413	0.06837363614406786
2.	91	0.26148352761448884	0.26148352761448884	0.06837363521371714
2.	92	0.2614835261486343	0.2614835261486343	0.06837363444712351
2.	93	0.26148352494079424	0.26148352494079424	0.06837363381546296
2.	94	0.26148352394555396	0.26148352394555396	0.0683736332949851
2.	95	0.2614835231254924	0.2614835231254924	0.06837363286611992
2.	96	0.26148352244977524	0.26148352244977524	0.06837363251274212
2.	97	0.26148352189299534	0.26148352189299534	0.06837363222156458
2.	98	0.26148352143421794	0.26148352143421794	0.06837363198163911
2.	99	0.26148352105619294	0.26148352105619294	0.0683736317839445
2.	100	0.26148352074470654	0.26148352074470654	0.06837363162104737
2.	101	0.26148352048804685	0.26148352048804685	0.06837363148682282
2.	102	0.2614835202765635	0.2614835202765635	0.068373631376224
2.	103	0.26148352010230475	0.26148352010230475	0.06837363128509241
2.	104	0.2614835199587184	0.2614835199587184	0.06837363121000148
2.	105	0.2614835198404056	0.2614835198404056	0.06837363114812778
2.	106	0.26148351974291784	0.26148351974291784	0.06837363109714491
2.	107	0.2614835196625895	0.2614835196625895	0.06837363105513582
2.	108	0.26148351959640026	0.26148351959640026	0.06837363102052103
2.	109	0.26148351954186144	0.26148351954186144	0.06837363099199903
2.	110	0.26148351949692233	0.26148351949692233	0.06837363096849736
2.	111	0.2614835194598932	0.2614835194598932	0.06837363094913233
2.	112	0.26148351942938186	0.26148351942938186	0.06837363093317592
2.	113	0.2614835194042411	0.2614835194042411	0.06837363092002813
2.	114	0.26148351938352543	0.26148351938352543	0.06837363090919452
2.	115	0.26148351936645614	0.26148351936645614	0.06837363090026784
2.	116	0.2614835193523913	0.2614835193523913	0.06837363089291239
2.	117	0.26148351934080205	0.26148351934080205	0.0683736308868516
2.	118	0.2614835193312527	0.2614835193312527	0.0683736308818576
2.	119	0.2614835193233842	0.2614835193233842	0.06837363087774265
2.	120	0.26148351931690067	0.26148351931690067	0.06837363087435197
2.	121	0.2614835193115584	0.2614835193115584	0.06837363087155812
2.	122	0.26148351930715646	0.26148351930715646	0.06837363086925606
2.	123	0.26148351930352937	0.26148351930352937	0.06837363086735922
2.	124	0.26148351930054065	0.26148351930054065	0.06837363086579622
2.	125	0.26148351929807795	0.26148351929807795	0.0683736308645083
2.	126	0.26148351929604874	0.26148351929604874	0.0683736308634471
2.	127	0.26148351929437674	0.26148351929437674	0.0683736308625727
2.	128	0.26148351929299907	0.26148351929299907	0.06837363086185222
2.	129	0.26148351929186386	0.26148351929186386	0.06837363086125854
2.	130	0.2614835192909285	0.2614835192909285	0.06837363086076938
2.	131	0.26148351929015773	0.26148351929015773	0.06837363086036628
2.	132	0.2614835192895227	0.2614835192895227	0.06837363086003417
2.	133	0.26148351928899943	0.26148351928899943	0.06837363085976055
2.	134	0.2614835192885682	0.2614835192885682	0.06837363085953503
2.	135	0.26148351928821295	0.26148351928821295	0.06837363085934924
2.	136	0.2614835192879202	0.2614835192879202	0.06837363085919612
2.	137	0.261483519287679	0.261483519287679	0.06837363085906999
2.	138	0.2614835192874802	0.2614835192874802	0.06837363085896603
2.	139	0.2614835192873164	0.2614835192873164	0.06837363085888036
2.	140	0.2614835192871815	0.2614835192871815	0.06837363085880982
2.	141	0.2614835192870703	0.2614835192870703	0.06837363085875167
2.	142	0.26148351928697866	0.26148351928697866	0.06837363085870374
2.	143	0.2614835192869031	0.2614835192869031	0.06837363085866423
2.	144	0.2614835192868409	0.2614835192868409	0.06837363085863168
2.	145	0.26148351928678965	0.26148351928678965	0.06837363085860489
2.	146	0.26148351928674746	0.26148351928674746	0.06837363085858283
2.	147	0.26148351928671265	0.26148351928671265	0.06837363085856463
2.	148	0.261483519286684	0.261483519286684	0.06837363085854965
2.	149	0.26148351928666036	0.26148351928666036	0.06837363085853727
2.	150	0.2614835192866409	0.2614835192866409	0.06837363085852709
2.	151	0.2614835192866248	0.2614835192866248	0.06837363085851868
2.	152	0.26148351928661157	0.26148351928661157	0.06837363085851177
2.	153	0.2614835192866007	0.2614835192866007	0.06837363085850608
2.	154	0.2614835192865917	0.2614835192865917	0.06837363085850137
2.	155	0.26148351928658425	0.26148351928658425	0.06837363085849749
2.	156	0.26148351928657815	0.26148351928657815	0.06837363085849428
2.	157	0.2614835192865731	0.2614835192865731	0.06837363085849164
2.	158	0.26148351928656893	0.26148351928656893	0.06837363085848946
2.	159	0.2614835192865655	0.2614835192865655	0.06837363085848766
2.	160	0.2614835192865627	0.2614835192865627	0.06837363085848622
2.	161	0.26148351928656033	0.26148351928656033	0.06837363085848497
2.	162	0.26148351928655844	0.26148351928655844	0.06837363085848398
2.	163	0.2614835192865569	0.2614835192865569	0.06837363085848316
2.	164	0.2614835192865556	0.2614835192865556	0.0683736308584825
2.	165	0.26148351928655456	0.26148351928655456	0.06837363085848194
2.	166	0.2614835192865536	0.2614835192865536	0.06837363085848146
2.	167	0.26148351928655295	0.26148351928655295	0.06837363085848111
2.	168	0.26148351928655234	0.26148351928655234	0.06837363085848079
2.	169	0.2614835192865519	0.2614835192865519	0.06837363085848056
2.	170	0.2614835192865515	0.2614835192865515	0.06837363085848035
2.	171	0.26148351928655117	0.26148351928655117	0.06837363085848018
2.	172	0.2614835192865509	0.2614835192865509	0.06837363085848003
2.	173	0.26148351928655067	0.26148351928655067	0.06837363085847992
2.	174	0.2614835192865505	0.2614835192865505	0.06837363085847983
2.	175	0.2614835192865504	0.2614835192865504	0.06837363085847976
2.	176	0.2614835192865503	0.2614835192865503	0.06837363085847971
2.	177	0.2614835192865502	0.2614835192865502	0.06837363085847968
2.	178	0.2614835192865501	0.2614835192865501	0.06837363085847963
2.	179	0.26148351928655	0.26148351928655	0.06837363085847957
2.	180	0.2614835192865499	0.2614835192865499	0.06837363085847951
2.	181	0.26148351928654984	0.26148351928654984	0.06837363085847949
2.	182	0.26148351928654984	0.26148351928654984	0.06837363085847949
2.	183	0.26148351928654984	0.26148351928654984	0.06837363085847949
2.	184	0.26148351928654984	0.26148351928654984	0.06837363085847949
2.	185	0.26148351928654984	0.26148351928654984	0.06837363085847949
2.	186	0.26148351928654984	0.26148351928654984	0.06837363085847949
2.	187	0.26148351928654984	0.26148351928654984	0.06837363085847949
2.	188	0.26148351928654984	0.26148351928654984	0.06837363085847949
2.	189	0.26148351928654984	0.26148351928654984	0.06837363085847949
2.	190	0.26148351928654984	0.26148351928654984	0.06837363085847949
2.	191	0.26148351928654984	0.26148351928654984	0.06837363085847949
2.	192	0.26148351928654984	0.26148351928654984	0.06837363085847949
2.	193	0.26148351928654984	0.26148351928654984	0.06837363085847949
2.	194	0.26148351928654984	0.26148351928654984	0.06837363085847949
2.	195	0.26148351928654984	0.26148351928654984	0.06837363085847949
2.	196	0.26148351928654984	0.26148351928654984	0.06837363085847949
2.	197	0.26148351928654984	0.26148351928654984	0.06837363085847949
2.	198	0.26148351928654984	0.26148351928654984	0.06837363085847949
2.	199	0.26148351928654984	0.26148351928654984	0.06837363085847949
2.	200	0.26148351928654984	0.26148351928654984	0.06837363085847949
3.	0	1.	1.	1.
3.	1	0.935064935064935	0.935064935064935	0.8743464327879912
3.	2	0.8633683582141204	0.8633683582141204	0.7454049219653457
3.	3	0.7906776268913641	0.7906776268913641	0.6251711096665592
3.	4	0.7224824190300485	0.7224824190300485	0.5219808458075106
3.	5	0.6624092921358778	0.6624092921358778	0.43878607030795475
3.	6	0.6118618870866454	0.6118618870866454	0.3743749688692307
3.	7	0.5705953069953635	0.5705953069953635	0.32557900436513315
3.	8	0.5375100205798901	0.5375100205798901	0.28891702222379384
3.	9	0.5112417419054928	0.5112417419054928	0.26136811866656245
3.	10	0.4904792113847701	0.4904792113847701	0.24056985680062598
3.	11	0.47409107051916205	0.47409107051916205	0.22476234314600507
3.	12	0.46115159463827177	0.46115159463827177	0.21266079323742093
3.	13	0.4509232822967502	0.4509232822967502	0.2033318065172747
3.	14	0.4428260539439812	0.4428260539439812	0.19609491405159776
3.	15	0.4364060078719768	0.4364060078719768	0.1904502037067559
3.	16	0.4313083422271979	0.4313083422271979	0.18602688607477366
3.	17	0.4272554047742967	0.4272554047742967	0.1825471809088481
3.	18	0.42402944761304395	0.42402944761304395	0.17980097244302318
3.	19	0.4214592691769097	0.4214592691769097	0.1776279155751348
3.	20	0.4194099205796511	0.4194099205796511	0.17590468148062924
3.	21	0.4177747755511697	0.4177747755511697	0.17453576308683022
3.	22	0.41646940714081787	0.41646940714081787	0.17344676708422432
3.	23	0.4154268427314281	0.4154268427314281	0.17257946166180269
3.	24	0.414593872382567	0.414593872382567	0.17188807901717226
3.	25	0.41392816519146136	0.41392816519146136	0.17133652593876972
3.	26	0.4133960083957236	0.4133960083957236	0.17089625975751718
3.	27	0.4129705287865544	0.4129705287865544	0.17054465764624635
3.	28	0.41263028944643737	0.41263028944643737	0.1702637557686507
3.	29	0.41235817983577067	0.41235817983577067	0.17003926847746978
3.	30	0.41214053605078466	0.41214053605078466	0.16985982145622813
3.	31	0.41196644229295043	0.41196644229295043	0.16971634957551085
3.	32	0.41182717541662517	0.41182717541662517	0.16960162241163576
3.	33	0.41171576272113225	0.41171576272113225	0.16950986927304368
3.	34	0.41162662955593743	0.41162662955593743	0.16943648215958093
3.	35	0.4115553182750534	0.4115553182750534	0.16937778000048048
3.	36	0.4114982639505573	0.4114982639505573	0.1693308212343225
3.	37	0.41145261528931903	0.41145261528931903	0.16929325462842038
3.	38	0.41141609158264153	0.41141609158264153	0.16926320041313647
3.	39	0.41138686840013927	0.41138686840013927	0.1692391554920735
3.	40	0.41136348622724395	0.41136348622724395	0.16921991780103193
3.	41	0.41134477742513736	0.41134477742513736	0.1692045259149358
3.	42	0.4113298078283851	0.4113298078283851	0.1691922108081362
3.	43	0.41131783004021694	0.41131783004021694	0.16918235730899278
3.	44	0.4113082460782755	0.4113082460782755	0.16917447329198723
3.	45	0.4113005774961349	0.4113005774961349	0.1691681650486541
3.	46	0.41129444148272054	0.41129444148272054	0.16916311759458302
3.	47	0.41128953174249916	0.41128953174249916	0.1691590789209642
3.	48	0.4112856031994459	0.4112856031994459	0.16915584739913206
3.	49	0.41128245975961353	0.41128245975961353	0.16915326170591813
3.	50	0.4112799445204141	0.4112799445204141	0.1691511927647149
3.	51	0.41127793193723705	0.41127793193723705	0.1691495372985706
3.	52	0.41127632155597993	0.41127632155597993	0.1691482126726178
3.	53	0.41127503299838386	0.41127503299838386	0.16914715276782175
3.	54	0.411274001949703	0.411274001949703	0.1691463046797243
3.	55	0.411273176948328	0.411273176948328	0.1691456260771707
3.	56	0.41127251681705645	0.41127251681705645	0.16914508308903597
3.	57	0.4112719886077523	0.4112719886077523	0.16914464861337516
3.	58	0.41127156595678044	0.41127156595678044	0.16914430096454242
3.	59	0.4112712277691137	0.4112712277691137	0.1691440227907142
3.	60	0.41127095716542456	0.41127095716542456	0.16914380020776448
3.	61	0.41127074063959834	0.41127074063959834	0.16914362210624376
3.	62	0.41127056738461687	0.41127056738461687	0.16914347959686468
3.	63	0.41127042875316083	0.41127042875316083	0.16914336556680873
3.	64	0.41127031782600937	0.41127031782600937	0.16914327432470677
3.	65	0.4112702290666917	0.4112702290666917	0.16914320131656907
3.	66	0.41127015804515527	0.41127015804515527	0.169143142898487
3.	67	0.41127010121665664	0.41127010121665664	0.169143096154759
3.	68	0.4112700557448392	0.4112700557448392	0.16914305875236316
3.	69	0.4112700193601686	0.4112700193601686	0.16914302882451346
3.	70	0.41126999024665717	0.41126999024665717	0.1691430048774855
3.	71	0.4112699669512268	0.4112699669512268	0.16914298571606318
3.	72	0.4112699483111847	0.4112699483111847	0.1691429703838845
3.	73	0.4112699333961922	0.4112699333961922	0.1691429581157084
3.	74	0.41126992146183056	0.41126992146183056	0.16914294829922027
3.	75	0.41126991191244655	0.41126991191244655	0.16914294044447153
3.	76	0.41126990427142335	0.41126990427142335	0.16914293415942572
3.	77	0.41126989815739184	0.41126989815739184	0.16914292913039147
3.	78	0.411269893265196	0.411269893265196	0.1691429251063657
3.	79	0.41126988935066267	0.41126988935066267	0.16914292188650631
3.	80	0.4112698862184144	0.4112698862184144	0.16914291931010755
3.	81	0.41126988371211864	0.41126988371211864	0.1691429172485796
3.	82	0.41126988170668416	0.41126988170668416	0.16914291559902997
3.	83	0.4112698801020182	0.4112698801020182	0.16914291427912842
3.	84	0.4112698788180306	0.4112698788180306	0.1691429132229976
3.	85	0.41126987779063673	0.41126987779063673	0.16914291237792528
3.	86	0.4112698769685585	0.4112698769685585	0.16914291170173323
3.	87	0.41126987631076545	0.41126987631076545	0.16914291116067232
3.	88	0.4112698757844265	0.4112698757844265	0.16914291072773757
3.	89	0.41126987536327175	0.41126987536327175	0.1691429103813211
3.	90	0.4112698750262811	0.4112698750262811	0.16914291010413288
3.	91	0.4112698747566351	0.4112698747566351	0.16914290988233835
3.	92	0.4112698745408755	0.4112698745408755	0.16914290970486748
3.	93	0.41126987436823353	0.41126987436823353	0.1691429095628626
3.	94	0.4112698742300926	0.4112698742300926	0.16914290944923618
3.	95	0.4112698741195578	0.4112698741195578	0.1691429093583169
3.	96	0.4112698740311125	0.4112698740311125	0.16914290928556713
3.	97	0.4112698739603422	0.4112698739603422	0.16914290922735575
3.	98	0.4112698739037148	0.4112698739037148	0.16914290918077746
3.	99	0.41126987385840375	0.41126987385840375	0.16914290914350733
3.	100	0.41126987382214775	0.41126987382214775	0.16914290911368532
3.	101	0.41126987379313734	0.41126987379313734	0.16914290908982313
3.	102	0.4112698737699243	0.4112698737699243	0.16914290907072946
3.	103	0.4112698737513502	0.4112698737513502	0.16914290905545154
3.	104	0.411269873736488	0.411269873736488	0.16914290904322676
3.	105	0.4112698737245959	0.4112698737245959	0.16914290903344506
3.	106	0.4112698737150803	0.4112698737150803	0.16914290902561807
3.	107	0.41126987370746626	0.41126987370746626	0.16914290901935525
3.	108	0.41126987370137374	0.41126987370137374	0.16914290901434392
3.	109	0.41126987369649887	0.41126987369649887	0.16914290901033413
3.	110	0.41126987369259815	0.41126987369259815	0.16914290900712564
3.	111	0.411269873689477	0.411269873689477	0.16914290900455836
3.	112	0.41126987368697954	0.41126987368697954	0.16914290900250412
3.	113	0.41126987368498125	0.41126987368498125	0.16914290900086043
3.	114	0.4112698736833823	0.4112698736833823	0.16914290899954523
3.	115	0.4112698736821028	0.4112698736821028	0.16914290899849282
3.	116	0.4112698736810791	0.4112698736810791	0.16914290899765075
3.	117	0.41126987368025997	0.41126987368025997	0.16914290899697698
3.	118	0.4112698736796045	0.4112698736796045	0.16914290899643783
3.	119	0.41126987367908	0.41126987367908	0.16914290899600645
3.	120	0.4112698736786604	0.4112698736786604	0.16914290899566128
3.	121	0.4112698736783246	0.4112698736783246	0.1691429089953851
3.	122	0.4112698736780559	0.4112698736780559	0.16914290899516404
3.	123	0.41126987367784096	0.41126987367784096	0.16914290899498727
3.	124	0.411269873677669	0.411269873677669	0.1691429089948458
3.	125	0.41126987367753126	0.41126987367753126	0.16914290899473253
3.	126	0.41126987367742107	0.41126987367742107	0.16914290899464188
3.	127	0.411269873677333	0.411269873677333	0.16914290899456944
3.	128	0.41126987367726253	0.41126987367726253	0.16914290899451148
3.	129	0.411269873677206	0.411269873677206	0.169142908994465
3.	130	0.41126987367716084	0.41126987367716084	0.16914290899442783
3.	131	0.4112698736771247	0.4112698736771247	0.1691429089943981
3.	132	0.41126987367709567	0.41126987367709567	0.16914290899437423
3.	133	0.41126987367707263	0.41126987367707263	0.16914290899435527
3.	134	0.4112698736770542	0.4112698736770542	0.16914290899434012
3.	135	0.41126987367703943	0.41126987367703943	0.16914290899432796
3.	136	0.41126987367702755	0.41126987367702755	0.1691429089943182
3.	137	0.41126987367701806	0.41126987367701806	0.1691429089943104
3.	138	0.41126987367701046	0.41126987367701046	0.16914290899430415
3.	139	0.4112698736770044	0.4112698736770044	0.16914290899429915
3.	140	0.4112698736769995	0.4112698736769995	0.16914290899429515
3.	141	0.41126987367699563	0.41126987367699563	0.16914290899429194
3.	142	0.4112698736769925	0.4112698736769925	0.16914290899428938
3.	143	0.41126987367699	0.41126987367699	0.16914290899428733
3.	144	0.411269873676988	0.411269873676988	0.16914290899428563
3.	145	0.41126987367698636	0.41126987367698636	0.16914290899428433
3.	146	0.4112698736769851	0.4112698736769851	0.16914290899428328
3.	147	0.41126987367698403	0.41126987367698403	0.16914290899428241
3.	148	0.41126987367698326	0.41126987367698326	0.16914290899428178
3.	149	0.41126987367698253	0.41126987367698253	0.16914290899428117
3.	150	0.411269873676982	0.411269873676982	0.16914290899428072
3.	151	0.4112698736769816	0.4112698736769816	0.1691429089942804
3.	152	0.4112698736769812	0.4112698736769812	0.16914290899428008
3.	153	0.41126987367698087	0.41126987367698087	0.1691429089942798
3.	154	0.41126987367698076	0.41126987367698076	0.16914290899427972
3.	155	0.41126987367698065	0.41126987367698065	0.1691429089942796
3.	156	0.41126987367698054	0.41126987367698054	0.16914290899427953
3.	157	0.4112698736769805	0.4112698736769805	0.16914290899427947
3.	158	0.4112698736769804	0.4112698736769804	0.16914290899427945
3.	159	0.41126987367698037	0.41126987367698037	0.1691429089942794
3.	160	0.4112698736769803	0.4112698736769803	0.16914290899427933
3.	161	0.41126987367698026	0.41126987367698026	0.1691429089942793
3.	162	0.4112698736769802	0.4112698736769802	0.16914290899427925
3.	163	0.41126987367698015	0.41126987367698015	0.1691429089942792
3.	164	0.4112698736769801	0.4112698736769801	0.16914290899427917
3.	165	0.41126987367698004	0.41126987367698004	0.1691429089942791
3.	166	0.41126987367698	0.41126987367698	0.16914290899427908
3.	167	0.41126987367698	0.41126987367698	0.16914290899427908
3.	168	0.41126987367698	0.41126987367698	0.16914290899427908
3.	169	0.41126987367698	0.41126987367698	0.16914290899427908
3.	170	0.41126987367698	0.41126987367698	0.16914290899427908
3.	171	0.41126987367698	0.41126987367698	0.16914290899427908
3.	172	0.41126987367698	0.41126987367698	0.16914290899427908
3.	173	0.41126987367698	0.41126987367698	0.16914290899427908
3.	174	0.41126987367698	0.41126987367698	0.16914290899427908
3.	175	0.41126987367698	0.41126987367698	0.16914290899427908
3.	176	0.41126987367698	0.41126987367698	0.16914290899427908
3.	177	0.41126987367698	0.41126987367698	0.16914290899427908
3.	178	0.41126987367698	0.41126987367698	0.16914290899427908
3.	179	0.41126987367698	0.41126987367698	0.16914290899427908
3.	180	0.41126987367698	0.41126987367698	0.16914290899427908
3.	181	0.41126987367698	0.41126987367698	0.16914290899427908
3.	182	0.41126987367698	0.41126987367698	0.16914290899427908
3.	183	0.41126987367698	0.41126987367698	0.16914290899427908
3.	184	0.41126987367698	0.41126987367698	0.16914290899427908
3.	185	0.41126987367698	0.41126987367698	0.16914290899427908
3.	186	0.41126987367698	0.41126987367698	0.16914290899427908
3.	187	0.41126987367698	0.41126987367698	0.16914290899427908
3.	188	0.41126987367698	0.41126987367698	0.16914290899427908
3.	189	0.41126987367698	0.41126987367698	0.16914290899427908
3.	190	0.41126987367698	0.41126987367698	0.16914290899427908
3.	191	0.41126987367698	0.41126987367698	0.16914290899427908
3.	192	0.41126987367698	0.41126987367698	0.16914290899427908
3.	193	0.41126987367698	0.41126987367698	0.16914290899427908
3.	194	0.41126987367698	0.41126987367698	0.16914290899427908
3.	195	0.41126987367698	0.41126987367698	0.16914290899427908
3.	196	0.41126987367698	0.41126987367698	0.16914290899427908
3.	197	0.41126987367698	0.41126987367698	0.16914290899427908
3.	198	0.41126987367698	0.41126987367698	0.16914290899427908
3.	199	0.41126987367698	0.41126987367698	0.16914290899427908
3.	200	0.41126987367698	0.41126987367698	0.16914290899427908
5.	0	1.	1.	1.
5.	1	0.975609756097561	0.975609756097561	0.9518143961927423
5.	2	0.9465269962196636	0.9465269962196636	0.8959133545726191
5.	3	0.9131238751294674	0.9131238751294674	0.8337952113314551
5.	4	0.8763169271861714	0.8763169271861714	0.7679313568730136
5.	5	0.8374909880723947	0.8374909880723947	0.7013911551024761
5.	6	0.7982783454475894	0.7982783454475894	0.6372483168105408
5.	7	0.7602664322723904	0.7602664322723904	0.5780050480401893
5.	8	0.7247443371426285	0.7247443371426285	0.525254354220308
5.	9	0.6925674023208557	0.6925674023208557	0.479649606757458
5.	10	0.6641507825422728	0.6641507825422728	0.4410962619515133
5.	11	0.6395500924674749	0.6395500924674749	0.40902432077515566
5.	12	0.618574304614535	0.618574304614535	0.38263417032935554
5.	13	0.600891306400767	0.600891306400767	0.3610703621080205
5.	14	0.586108289654568	0.586108289654568	0.34352292720180294
5.	15	0.5738247333647367	0.5738247333647367	0.3292748246211112
5.	16	0.5636630342340054	0.5636630342340054	0.3177160161618856
5.	17	0.5552835149510753	0.5552835149510753	0.3083397819764211
5.	18	0.5483896260369817	0.5483896260369817	0.30073118194498066
5.	19	0.5427275463812696	0.5427275463812696	0.29455318960103316
5.	20	0.5380829206765592	0.5380829206765592	0.28953322952381627
5.	21	0.5342763872259859	0.5342763872259859	0.2854512579472516
5.	22	0.5311588296134795	0.5311588296134795	0.28212970227636136
5.	23	0.5286068396491237	0.5286068396491237	0.2794251909238344
5.	24	0.5265186166269173	0.5265186166269173	0.27722185365472274
5.	25	0.5248103808306913	0.5248103808306913	0.27542593582765523
5.	26	0.5234133012581973	0.5234133012581973	0.2739614839340044
5.	27	0.5222708995762517	0.5222708995762517	0.27276689254418723
5.	28	0.521336876736149	0.521336876736149	0.27179213904500266
5.	29	0.5205733051048784	0.5205733051048784	0.27099656598781685
5.	30	0.5199491314615883	0.5199491314615883	0.27034709930766
5.	31	0.5194389414451194	0.5194389414451194	0.26981681388962614
5.	32	0.5190219422114583	0.5190219422114583	0.26938377649695433
5.	33	0.5186811262310932	0.5186811262310932	0.26903011070835525
5.	34	0.5184025848735309	0.5184025848735309	0.26874124000355837
5.	35	0.5181749455049066	0.5181749455049066	0.26850527414901293
5.	36	0.5179889102219924	0.5179889102219924	0.26831251111296733
5.	37	0.5178368780909114	0.5178368780909114	0.2681550323109414
5.	38	0.5177126359129525	0.5177126359129525	0.26802637338393726
5.	39	0.5176111051758036	0.5176111051758036	0.2679212562013168
5.	40	0.5175281350393278	0.5175281350393278	0.26783537055728474
5.	41	0.5174603330186002	0.5174603330186002	0.2677651962477206
5.	42	0.5174049265238244	0.5174049265238244	0.2677078579911241
5.	43	0.5173596496495496	0.5173596496495496	0.2676610070855047
5.	44	0.5173226506191926	0.5173226506191926	0.26762272484366717
5.	45	0.5172924161231617	0.5172924161231617	0.2675914437785383
5.	46	0.5172677094716159	0.5172677094716159	0.2675658832620121
5.	47	0.5172475200425186	0.5172475200425186	0.2675449969901357
5.	48	0.5172310219640841	0.5172310219640841	0.26752793008201087
5.	49	0.517217540346069	0.517217540346069	0.26751398404163756
5.	50	0.5172065236815849	0.5172065236815849	0.26750258813878985
5.	51	0.5171975212924778	0.5171975212924778	0.26749327603108297
5.	52	0.5171901648969481	0.5171901648969481	0.2674856666661324
5.	53	0.5171841535462609	0.5171841535462609	0.26747944867936235
5.	54	0.5171792413149072	0.5171792413149072	0.26747436764706306
5.	55	0.517175227241025	0.517175227241025	0.2674702156718059
5.	56	0.517171947105802	0.517171947105802	0.2674668228732065
5.	57	0.51716926671573	0.51716926671573	0.2674640504352859
5.	58	0.5171670764129983	0.5171670764129983	0.26746178492556805
5.	59	0.5171652865895229	0.5171652865895229	0.26745993365322335
5.	60	0.5171638240211338	0.5171638240211338	0.2674584208761623
5.	61	0.5171626288719867	0.5171626288719867	0.26745718470178426
5.	62	0.5171616522466641	0.5171616522466641	0.26745617455449955
5.	63	0.5171608541898394	0.5171608541898394	0.2674553491063643
5.	64	0.5171602020516718	0.5171602020516718	0.267454674586126
5.	65	0.5171596691520707	0.5171596691520707	0.2674541233974792
5.	66	0.5171592336891813	0.5171592336891813	0.2674536729899812
5.	67	0.5171588778474431	0.5171588778474431	0.26745330493642655
5.	68	0.5171585870687304	0.5171585870687304	0.2674530041789256
5.	69	0.5171583494567573	0.5171583494567573	0.2674527584128375
5.	70	0.5171581552903827	0.5171581552903827	0.26745255758335157
5.	71	0.5171579966259019	0.5171579966259019	0.26745239347411637
5.	72	0.5171578669720565	0.5171578669720565	0.26745225937108724
5.	73	0.5171577610244661	0.5171577610244661	0.26745214978783877
5.	74	0.5171576744486168	0.5171576744486168	0.2674520602411015
5.	75	0.5171576037025281	0.5171576037025281	0.2674519870673411
5.	76	0.5171575458918443	0.5171575458918443	0.267451927272875
5.	77	0.5171574986514216	0.5171574986514216	0.2674518784113951
5.	78	0.5171574600485651	0.5171574600485651	0.2674518384838832
5.	79	0.5171574285039593	0.5171574285039593	0.26745180585682776
5.	80	0.5171574027270543	0.5171574027270543	0.2674517791953927
5.	81	0.5171573816632684	0.5171573816632684	0.26745175740880744
5.	82	0.5171573644508419	0.5171573644508419	0.2674517396057409
5.	83	0.5171573503855822	0.5171573503855822	0.2674517250578358
5.	84	0.5171573388920526	0.5171573388920526	0.26745171316990934
5.	85	0.5171573295000311	0.5171573295000311	0.26745170345560376
5.	86	0.5171573218252722	0.5171573218252722	0.26745169551748815
5.	87	0.5171573155537872	0.5171573155537872	0.2674516890307994
5.	88	0.5171573104289975	0.5171573104289975	0.2674516837301545
5.	89	0.5171573062412381	0.5171573062412381	0.26745167939869374
5.	90	0.51715730281918	0.51715730281918	0.2674516758592091
5.	91	0.5171573000228203	0.5171573000228203	0.26745167296689343
5.	92	0.5171572977377547	0.5171572977377547	0.2674516706034166
5.	93	0.5171572958704966	0.5171572958704966	0.2674516686720844
5.	94	0.5171572943446532	0.5171572943446532	0.26745166709388224
5.	95	0.5171572930977989	0.5171572930977989	0.2674516658042427
5.	96	0.5171572920789229	0.5171572920789229	0.2674516647504044
5.	97	0.517157291246341	0.517157291246341	0.2674516638892528
5.	98	0.5171572905659907	0.5171572905659907	0.2674516631855565
5.	99	0.5171572900100374	0.5171572900100374	0.26745166261052594
5.	100	0.5171572895557361	0.5171572895557361	0.26745166214063554
5.	101	0.5171572891845004	0.5171572891845004	0.267451661756661
5.	102	0.5171572888811424	0.5171572888811424	0.2674516614428934
5.	103	0.5171572886332514	0.5171572886332514	0.2674516611864961
5.	104	0.5171572884306853	0.5171572884306853	0.26745166097697903
5.	105	0.517157288265157	0.517157288265157	0.26745166080577065
5.	106	0.5171572881298943	0.5171572881298943	0.26745166066586645
5.	107	0.5171572880193634	0.5171572880193634	0.26745166055154285
5.	108	0.5171572879290423	0.5171572879290423	0.2674516604581223
5.	109	0.5171572878552356	0.5171572878552356	0.26745166038178303
5.	110	0.5171572877949241	0.5171572877949241	0.26745166031940193
5.	111	0.5171572877456401	0.5171572877456401	0.26745166026842676
5.	112	0.5171572877053673	0.5171572877053673	0.267451660226772
5.	113	0.5171572876724582	0.5171572876724582	0.26745166019273364
5.	114	0.5171572876455662	0.5171572876455662	0.26745166016491895
5.	115	0.5171572876235913	0.5171572876235913	0.2674516601421899
5.	116	0.5171572876056343	0.5171572876056343	0.26745166012361676
5.	117	0.5171572875909606	0.5171572875909606	0.2674516601084395
5.	118	0.5171572875789698	0.5171572875789698	0.2674516600960373
5.	119	0.5171572875691716	0.5171572875691716	0.2674516600859028
5.	120	0.5171572875611649	0.5171572875611649	0.26745166007762133
5.	121	0.517157287554622	0.517157287554622	0.26745166007085397
5.	122	0.5171572875492756	0.5171572875492756	0.2674516600653241
5.	123	0.5171572875449064	0.5171572875449064	0.267451660060805
5.	124	0.5171572875413364	0.5171572875413364	0.26745166005711246
5.	125	0.517157287538419	0.517157287538419	0.26745166005409504
5.	126	0.5171572875360352	0.5171572875360352	0.26745166005162935
5.	127	0.5171572875340871	0.5171572875340871	0.2674516600496144
5.	128	0.5171572875324953	0.5171572875324953	0.26745166004796805
5.	129	0.5171572875311946	0.5171572875311946	0.2674516600466227
5.	130	0.5171572875301318	0.5171572875301318	0.2674516600455234
5.	131	0.5171572875292632	0.5171572875292632	0.26745166004462495
5.	132	0.5171572875285533	0.5171572875285533	0.2674516600438907
5.	133	0.5171572875279733	0.5171572875279733	0.26745166004329085
5.	134	0.5171572875274992	0.5171572875274992	0.2674516600428005
5.	135	0.517157287527112	0.517157287527112	0.26745166004239995
5.	136	0.5171572875267954	0.5171572875267954	0.2674516600420725
5.	137	0.5171572875265369	0.5171572875265369	0.26745166004180515
5.	138	0.5171572875263255	0.5171572875263255	0.2674516600415865
5.	139	0.5171572875261528	0.5171572875261528	0.26745166004140786
5.	140	0.5171572875260118	0.5171572875260118	0.267451660041262
5.	141	0.5171572875258963	0.5171572875258963	0.26745166004114257
5.	142	0.5171572875258021	0.5171572875258021	0.2674516600410452
5.	143	0.5171572875257251	0.5171572875257251	0.2674516600409655
5.	144	0.5171572875256623	0.5171572875256623	0.2674516600409005
5.	145	0.5171572875256107	0.5171572875256107	0.2674516600408472
5.	146	0.5171572875255688	0.5171572875255688	0.26745166004080384
5.	147	0.5171572875255345	0.5171572875255345	0.2674516600407683
5.	148	0.5171572875255064	0.5171572875255064	0.2674516600407393
5.	149	0.5171572875254834	0.5171572875254834	0.2674516600407155
5.	150	0.5171572875254646	0.5171572875254646	0.2674516600406961
5.	151	0.5171572875254492	0.5171572875254492	0.26745166004068016
5.	152	0.5171572875254368	0.5171572875254368	0.2674516600406673
5.	153	0.5171572875254266	0.5171572875254266	0.26745166004065674
5.	154	0.5171572875254181	0.5171572875254181	0.26745166004064796
5.	155	0.5171572875254113	0.5171572875254113	0.26745166004064097
5.	156	0.5171572875254058	0.5171572875254058	0.26745166004063525
5.	157	0.5171572875254014	0.5171572875254014	0.26745166004063065
5.	158	0.5171572875253976	0.5171572875253976	0.26745166004062676
5.	159	0.5171572875253945	0.5171572875253945	0.26745166004062354
5.	160	0.517157287525392	0.517157287525392	0.267451660040621
5.	161	0.51715728752539	0.51715728752539	0.26745166004061893
5.	162	0.5171572875253884	0.5171572875253884	0.2674516600406172
5.	163	0.5171572875253869	0.5171572875253869	0.2674516600406157
5.	164	0.5171572875253859	0.5171572875253859	0.26745166004061466
5.	165	0.517157287525385	0.517157287525385	0.26745166004061377
5.	166	0.5171572875253843	0.5171572875253843	0.26745166004061294
5.	167	0.5171572875253837	0.5171572875253837	0.2674516600406124
5.	168	0.5171572875253833	0.5171572875253833	0.26745166004061194
5.	169	0.5171572875253828	0.5171572875253828	0.2674516600406115
5.	170	0.5171572875253825	0.5171572875253825	0.2674516600406111
5.	171	0.5171572875253821	0.5171572875253821	0.2674516600406108
5.	172	0.517157287525382	0.517157287525382	0.26745166004061066
5.	173	0.5171572875253819	0.5171572875253819	0.26745166004061055
5.	174	0.5171572875253818	0.5171572875253818	0.26745166004061044
5.	175	0.5171572875253817	0.5171572875253817	0.26745166004061033
5.	176	0.5171572875253815	0.5171572875253815	0.2674516600406101
5.	177	0.5171572875253815	0.5171572875253815	0.2674516600406101
5.	178	0.5171572875253815	0.5171572875253815	0.2674516600406101
5.	179	0.5171572875253815	0.5171572875253815	0.2674516600406101
5.	180	0.5171572875253815	0.5171572875253815	0.2674516600406101
5.	181	0.5171572875253815	0.5171572875253815	0.2674516600406101
5.	182	0.5171572875253815	0.5171572875253815	0.2674516600406101
5.	183	0.5171572875253815	0.5171572875253815	0.2674516600406101
5.	184	0.5171572875253815	0.5171572875253815	0.2674516600406101
5.	185	0.5171572875253815	0.5171572875253815	0.2674516600406101
5.	186	0.5171572875253815	0.5171572875253815	0.2674516600406101
5.	187	0.5171572875253815	0.5171572875253815	0.2674516600406101
5.	188	0.5171572875253815	0.5171572875253815	0.2674516600406101
5.	189	0.5171572875253815	0.5171572875253815	0.2674516600406101
5.	190	0.5171572875253815	0.5171572875253815	0.2674516600406101
5.	191	0.5171572875253815	0.5171572875253815	0.2674516600406101
5.	192	0.5171572875253815	0.5171572875253815	0.2674516600406101
5.	193	0.5171572875253815	0.5171572875253815	0.2674516600406101
5.	194	0.5171572875253815	0.5171572875253815	0.2674516600406101
5.	195	0.5171572875253815	0.5171572875253815	0.2674516600406101
5.	196	0.5171572875253815	0.5171572875253815	0.2674516600406101
5.	197	0.5171572875253815	0.5171572875253815	0.2674516600406101
5.	198	0.5171572875253815	0.5171572875253815	0.2674516600406101
5.	199	0.5171572875253815	0.5171572875253815	0.2674516600406101
5.	200	0.5171572875253815	0.5171572875253815	0.2674516600406101
10.	0	1.	1.	1.
10.	1	0.9937888198757763	0.9937888198757763	0.9876162185100881
10.	2	0.9861181193223021	0.9861181193223021	0.9724289452557541
10.	3	0.9767413742557332	0.9767413742557332	0.9540237121829782
10.	4	0.9654203205970711	0.9654203205970711	0.9320363954217514
10.	5	0.9519525026370332	0.9519525026370332	0.9062135672769108
10.	6	0.9362064251562932	0.9362064251562932	0.8764824705039259
10.	7	0.9181600976148605	0.9181600976148605	0.8430179648521302
10.	8	0.8979351239887895	0.8979351239887895	0.8062874868927628
10.	9	0.8758160014144949	0.8758160014144949	0.7670536683336745
10.	10	0.852245068621741	0.852245068621741	0.726321656990076
10.	11	0.8277888475891	0.8277888475891	0.6852343761928902
10.	12	0.8030801883430433	0.8030801883430433	0.6449377889090979
10.	13	0.7787489028945385	0.7787489028945385	0.6064498537594473
10.	14	0.755357194445645	0.755357194445645	0.5705644912007959
10.	15	0.7333533756290638	0.7333533756290638	0.5378071735465427
10.	16	0.7130500649725889	0.7130500649725889	0.5084403951574133
10.	17	0.6946252564671463	0.6946252564671463	0.48250424692204885
10.	18	0.6781396132043807	0.6781396132043807	0.459873334996987
10.	19	0.6635619671081434	0.6635619671081434	0.4403144841924288
10.	20	0.6507963273990246	0.6507963273990246	0.4235358597560584
10.	21	0.6397061166498077	0.6397061166498077	0.4092239156791774
10.	22	0.6301336496644192	0.6301336496644192	0.397068416439401
10.	23	0.6219144964691735	0.6219144964691735	0.38677764091850564
10.	24	0.6148872751414475	0.6148872751414475	0.3780863611308741
10.	25	0.6088997812665597	0.6088997812665597	0.37075894362646433
10.	26	0.6038123952533657	0.6038123952533657	0.3645894086616068
10.	27	0.5994995863327969	0.5994995863327969	0.3593997540131946
10.	28	0.5958501589856304	0.5958501589856304	0.35503741196320104
10.	29	0.592766718991682	0.592766718991682	0.3513723831441637
10.	30	0.590164694934406	0.590164694934406	0.34829436714702056
10.	31	0.5879711419008622	0.5879711419008622	0.34571006370820384
10.	32	0.5861234743454764	0.5861234743454764	0.34354072717881234
10.	33	0.5845682189900774	0.5845682189900774	0.34172000265323105
10.	34	0.5832598404071285	0.5832598404071285	0.340192041431749
10.	35	0.5821596666206815	0.5821596666206815	0.33890987743990303
10.	36	0.5812349257940846	0.5812349257940846	0.3378340389628551
10.	37	0.5804578949957541	0.5804578949957541	0.33693136786290184
10.	38	0.5798051561018467	0.5798051561018467	0.3361740190422868
10.	39	0.5792569506831686	0.5792569506831686	0.33553861491476283
10.	40	0.578796624257949	0.578796624257949	0.3350055322523974
10.	41	0.5784101499145591	0.5784101499145591	0.3345583015241827
10.	42	0.5780857215816206	0.5780857215816206	0.334183101496543
10.	43	0.5778134078608005	0.5778134078608005	0.33386833430371177
10.	44	0.5775848581556536	0.5775848581556536	0.3336042683706865
10.	45	0.5773930537123408	0.5773930537123408	0.3333827384752621
10.	46	0.5772320970645135	0.5772320970645135	0.3331968938814959
10.	47	0.5770970342045748	0.5770970342045748	0.33304098688771616
10.	48	0.5769837045656246	0.5769837045656246	0.332910195334272
10.	49	0.5768886145836157	0.5768886145836157	0.3328004736362035
10.	50	0.5768088312161165	0.5768088312161165	0.33270842776890236
10.	51	0.5767418923255508	0.5767418923255508	0.33263121036325727
10.	52	0.576685731296282	0.576685731296282	0.33256643268072755
10.	53	0.5766386136530078	0.5766386136530078	0.33251209075566285
10.	54	0.5765990837895681	0.5765990837895681	0.33246650342696943
10.	55	0.5765659202092378	0.5765659202092378	0.3324282603467252
10.	56	0.5765380979262813	0.5765380979262813	0.3323961783604543
10.	57	0.5765147568898272	0.5765147568898272	0.3323692649117366
10.	58	0.5764951754702234	0.5764951754702234	0.3323466873404437
10.	59	0.5764787481995821	0.5764787481995821	0.3323277471257572
10.	60	0.5764649670862778	0.5764649670862778	0.33231185827778337
10.	61	0.5764534059312274	0.5764534059312274	0.3322985292097124
10.	62	0.5764437071648862	0.5764437071648862	0.3322873475299971
10.	63	0.5764355708006468	0.5764355708006468	0.33227796728426745
10.	64	0.5764287451649328	0.5764287451649328	0.33227009825241904
10.	65	0.5764230191186331	0.5764230191186331	0.3322634969698401
10.	66	0.5764182155302384	0.5764182155302384	0.3322579591950644
10.	67	0.5764141857994576	0.5764141857994576	0.3322533135908516
10.	68	0.5764108052623839	0.5764108052623839	0.3322494164232298
10.	69	0.5764079693364051	0.5764079693364051	0.33224614711451816
10.	70	0.576405590285833	0.576405590285833	0.33224340451275963
10.	71	0.5764035945083547	0.5764035945083547	0.3322411037621517
10.	72	0.5764019202584766	0.5764019202584766	0.3322391736776592
10.	73	0.5764005157376106	0.5764005157376106	0.3322375545425835
10.	74	0.576399337491772	0.576399337491772	0.33223619626095363
10.	75	0.5763983490673542	0.5763983490673542	0.33223505680757154
10.	76	0.5763975198834267	0.5763975198834267	0.3322341009277653
10.	77	0.5763968242856794	0.5763968242856794	0.33223329904661636
10.	78	0.5763962407527632	0.5763962407527632	0.33223262635391737
10.	79	0.5763957512304776	0.5763957512304776	0.3322320620365466
10.	80	0.5763953405732158	0.5763953405732158	0.33223158863451346
10.	81	0.5763949960753885	0.5763949960753885	0.3322311915007471
10.	82	0.5763947070783325	0.5763947070783325	0.33223085834791677
10.	83	0.576394464640547	0.576394464640547	0.3322305788682628
10.	84	0.5763942612610523	0.5763942612610523	0.33223034441467425
10.	85	0.5763940906473174	0.5763940906473174	0.33223014773314796
10.	86	0.5763939475205732	0.5763939475205732	0.33222998273834925
10.	87	0.5763938274524909	0.5763938274524909	0.33222984432533187
10.	88	0.5763937267281722	0.5763937267281722	0.3322297282115909
10.	89	0.5763936422312114	0.5763936422312114	0.3322296308045617
10.	90	0.5763935713472751	0.5763935713472751	0.3322295490904663
10.	91	0.5763935118832156	0.5763935118832156	0.33222948054106666
10.	92	0.5763934619992153	0.5763934619992153	0.3322294230354408
10.	93	0.5763934201518628	0.5763934201518628	0.3322293747943618
10.	94	0.5763933850464008	0.5763933850464008	0.3322293343252485
10.	95	0.5763933555966656	0.5763933555966656	0.3322293003759842
10.	96	0.5763933308914817	0.5763933308914817	0.3322292718961771
10.	97	0.57639331016647	0.57639331016647	0.33222924800466047
10.	98	0.5763932927803979	0.5763932927803979	0.3322292279622294
10.	99	0.5763932781953398	0.5763932781953398	0.3322292111487704
10.	100	0.5763932659600334	0.5763932659600334	0.3322291970440738
10.	101	0.5763932556959179	0.5763932556959179	0.33222918521173983
10.	102	0.576393247085421	0.576393247085421	0.33222917528567514
10.	103	0.5763932398621335	0.5763932398621335	0.332229166958767
10.	104	0.5763932338025667	0.5763932338025667	0.3322291599733803
10.	105	0.5763932287192373	0.5763932287192373	0.33222915411338694
10.	106	0.5763932244548666	0.5763932244548666	0.33222914919747826
10.	107	0.5763932208775151	0.5763932208775151	0.3322291450735559
10.	108	0.5763932178764993	0.5763932178764993	0.3322291416140256
10.	109	0.5763932153589675	0.5763932153589675	0.33222913871184906
10.	110	0.576393213247027	0.576393213247027	0.3322291362772327
10.	111	0.5763932114753346	0.5763932114753346	0.33222913423484984
10.	112	0.576393209989074	0.576393209989074	0.3322291325215087
10.	113	0.5763932087422599	0.5763932087422599	0.3322291310841983
10.	114	0.5763932076963161	0.5763932076963161	0.33222912987844855
10.	115	0.5763932068188808	0.5763932068188808	0.33222912886695316
10.	116	0.5763932060828065	0.5763932060828065	0.3322291280184167
10.	117	0.5763932054653187	0.5763932054653187	0.3322291273065851
10.	118	0.5763932049473124	0.5763932049473124	0.33222912670943444
10.	119	0.5763932045127604	0.5763932045127604	0.3322291262084889
10.	120	0.5763932041482177	0.5763932041482177	0.332229125788249
10.	121	0.5763932038424053	0.5763932038424053	0.33222912543571265
10.	122	0.5763932035858613	0.5763932035858613	0.33222912513997216
10.	123	0.5763932033706484	0.5763932033706484	0.3322291248918776
10.	124	0.5763932031901077	0.5763932031901077	0.33222912468375276
10.	125	0.5763932030386533	0.5763932030386533	0.33222912450915815
10.	126	0.5763932029115991	0.5763932029115991	0.33222912436269186
10.	127	0.5763932028050144	0.5763932028050144	0.3322291242398224
10.	128	0.5763932027156011	0.5763932027156011	0.33222912413674804
10.	129	0.5763932026405929	0.5763932026405929	0.3322291240502796
10.	130	0.5763932025776692	0.5763932025776692	0.33222912397774207
10.	131	0.5763932025248829	0.5763932025248829	0.3322291239168907
10.	132	0.5763932024806008	0.5763932024806008	0.33222912386584286
10.	133	0.5763932024434528	0.5763932024434528	0.33222912382301917
10.	134	0.5763932024122896	0.5763932024122896	0.3322291237870947
10.	135	0.576393202386147	0.576393202386147	0.3322291237569578
10.	136	0.5763932023642162	0.5763932023642162	0.3322291237316763
10.	137	0.5763932023458186	0.5763932023458186	0.33222912371046776
10.	138	0.5763932023303849	0.5763932023303849	0.33222912369267604
10.	139	0.5763932023174378	0.5763932023174378	0.3322291236777508
10.	140	0.5763932023065765	0.5763932023065765	0.33222912366523005
10.	141	0.576393202297465	0.576393202297465	0.33222912365472645
10.	142	0.5763932022898215	0.5763932022898215	0.33222912364591506
10.	143	0.5763932022834093	0.5763932022834093	0.3322291236385232
10.	144	0.5763932022780303	0.5763932022780303	0.3322291236323223
10.	145	0.5763932022735179	0.5763932022735179	0.3322291236271205
10.	146	0.5763932022697322	0.5763932022697322	0.3322291236227565
10.	147	0.5763932022665568	0.5763932022665568	0.33222912361909585
10.	148	0.5763932022638927	0.5763932022638927	0.3322291236160247
10.	149	0.5763932022616579	0.5763932022616579	0.3322291236134485
10.	150	0.5763932022597832	0.5763932022597832	0.3322291236112873
10.	151	0.5763932022582103	0.5763932022582103	0.33222912360947415
10.	152	0.576393202256891	0.576393202256891	0.3322291236079532
10.	153	0.5763932022557842	0.5763932022557842	0.33222912360667733
10.	154	0.5763932022548556	0.5763932022548556	0.33222912360560686
10.	155	0.5763932022540768	0.5763932022540768	0.332229123604709
10.	156	0.5763932022534234	0.5763932022534234	0.33222912360395584
10.	157	0.5763932022528753	0.5763932022528753	0.33222912360332396
10.	158	0.5763932022524153	0.5763932022524153	0.3322291236027937
10.	159	0.5763932022520295	0.5763932022520295	0.33222912360234896
10.	160	0.576393202251706	0.576393202251706	0.33222912360197604
10.	161	0.5763932022514345	0.5763932022514345	0.3322291236016631
10.	162	0.5763932022512068	0.5763932022512068	0.3322291236014006
10.	163	0.5763932022510158	0.5763932022510158	0.33222912360118034
10.	164	0.5763932022508556	0.5763932022508556	0.33222912360099566
10.	165	0.5763932022507211	0.5763932022507211	0.33222912360084067
10.	166	0.5763932022506082	0.5763932022506082	0.3322291236007105
10.	167	0.5763932022505137	0.5763932022505137	0.3322291236006016
10.	168	0.5763932022504343	0.5763932022504343	0.3322291236005101
10.	169	0.5763932022503678	0.5763932022503678	0.33222912360043344
10.	170	0.576393202250312	0.576393202250312	0.33222912360036905
10.	171	0.576393202250265	0.576393202250265	0.3322291236003149
10.	172	0.5763932022502257	0.5763932022502257	0.3322291236002696
10.	173	0.5763932022501929	0.5763932022501929	0.3322291236002317
10.	174	0.5763932022501651	0.5763932022501651	0.33222912360019974
10.	175	0.5763932022501419	0.5763932022501419	0.332229123600173
10.	176	0.5763932022501226	0.5763932022501226	0.3322291236001507
10.	177	0.5763932022501062	0.5763932022501062	0.3322291236001318
10.	178	0.5763932022500925	0.5763932022500925	0.332229123600116
10.	179	0.576393202250081	0.576393202250081	0.3322291236001027
10.	180	0.5763932022500713	0.5763932022500713	0.3322291236000916
10.	181	0.5763932022500631	0.5763932022500631	0.3322291236000821
10.	182	0.5763932022500563	0.5763932022500563	0.3322291236000743
10.	183	0.5763932022500508	0.5763932022500508	0.3322291236000679
10.	184	0.576393202250046	0.576393202250046	0.3322291236000624
10.	185	0.5763932022500419	0.5763932022500419	0.3322291236000577
10.	186	0.5763932022500384	0.5763932022500384	0.3322291236000537
10.	187	0.5763932022500355	0.5763932022500355	0.33222912360005036
10.	188	0.5763932022500331	0.5763932022500331	0.3322291236000476
10.	189	0.5763932022500311	0.5763932022500311	0.33222912360004525
10.	190	0.5763932022500294	0.5763932022500294	0.33222912360004336
10.	191	0.576393202250028	0.576393202250028	0.3322291236000417
10.	192	0.5763932022500269	0.5763932022500269	0.3322291236000404
10.	193	0.576393202250026	0.576393202250026	0.33222912360003937
10.	194	0.5763932022500252	0.5763932022500252	0.3322291236000385
10.	195	0.5763932022500246	0.5763932022500246	0.3322291236000377
10.	196	0.5763932022500239	0.5763932022500239	0.3322291236000369
10.	197	0.5763932022500236	0.5763932022500236	0.33222912360003654
10.	198	0.5763932022500231	0.5763932022500231	0.33222912360003604
10.	199	0.5763932022500228	0.5763932022500228	0.33222912360003565
10.	200	0.5763932022500224	0.5763932022500224	0.33222912360003526