lambda	m_w	m_x	m_y
0.5	4.0375715177003753e-13	4.0375715177003753e-13	1.6301983760545312e-25
1.	3.8260690900471265e-12	3.8260690900471265e-12	1.4638804681814046e-23
2.	0.26148351928231106	0.26148351928231106	0.06837363085626275
3.	0.4112698736731085	0.4112698736731085	0.16914290899109463
5.	0.5171572875215967	0.5171572875215967	0.26745166003669546
10.	0.5763932022455475	0.5763932022455475	0.3322291235948766
20.	0.5938447187139025	0.5938447187139025	0.352651549944394
30.	0.597241248985078	0.597241248985078	0.356697109489256
60.	0.5993067570150801	0.5993067570150801	0.3591685890039322
80.	0.5996097557213	0.5996097557213	0.3595318591561571
100.	0.5997501560497464	0.5997501560497464	0.3597002496816951
150.	0.5998889197306427	0.5998889197306427	0.3598667160155975
200.	0.599937509757243	0.599937509757243	0.3599250156137221
400.	0.5999843756049509	0.5999843756049509	0.3599812509700628
600.	0.5999930556707578	0.5999930556707578	0.35999166685313305
1000.	0.5999975000102657	0.5999975000102657	0.3599970000185688