lambda	m_w	m_x	m_y
0.5	6.247968591142428e-13	1.463525250266835e-22	9.144059796011045e-35
1.	0.1666666666616789	1.4454126699795164e-35	2.4090211165604335e-36
2.	0.47916666667177826	2.3464830606973868e-11	1.1243564665961588e-11
3.	0.5706157564256703	0.14123151284604135	0.08058892653378566
5.	0.6438447187163168	0.2876894374307883	0.1852273249202813
10.	0.6841687604791754	0.3683375209571311	0.2520050251512127
20.	0.6958896499225824	0.39177929984407645	0.2726351598154088
30.	0.6981594403441256	0.39631888068710497	0.2766937679383195
60.	0.6995377492861705	0.3990754985712828	0.2791683760658116
80.	0.6997398089945664	0.3994796179880689	0.2795317915881937
100.	0.699833425819883	0.399666851638699	0.27970022196895766
150.	0.6999259442034764	0.39985188840588326	0.27986671053403095
200.	0.699958339115441	0.3999166782298113	0.279925013878303
400.	0.6999895836916713	0.3999791673822709	0.27998125086125714
600.	0.6999953704384856	0.3999907408758992	0.2799916668313894
1000.	0.6999983333392645	0.3999966666774572	0.2799970000154814