lambda	m_w	m_x	m_y
0.5	1.280960062885561e-12	6.037102527807424e-37	7.733287233666776e-49
1.	0.3749999999988182	3.334918513739765e-20	1.2505944426484708e-20
2.	0.609375000001417	5.649421113478371e-12	3.442615991033887e-12
3.	0.652777777782886	2.3507557766108766e-11	1.5345211319663303e-11
5.	0.69028324591974	0.0708497377464736	0.048906386944198126
10.	0.721370035210127	0.16411010562560524	0.11838411267348051
20.	0.730244120464012	0.19073236138814686	0.1392811854859114
30.	0.7319516038511451	0.1958548115497766	0.14335624343582276
60.	0.7329865620451708	0.19895968613187465	0.14583477632338904
80.	0.7331381636705492	0.19941449100792777	0.1461983737468494
100.	0.7332083918675133	0.19962517559887394	0.14636685397712032
150.	0.7332777893423916	0.19983336802356172	0.1465333703411619
200.	0.733302086989966	0.19990626096630315	0.14659167836895087
400.	0.7333255210576041	0.19997656316923437	0.14664791738538768
600.	0.7333298611517274	0.19998958345160728	0.14665833346435897
1000.	0.7333320833346009	0.1999962500002296	0.14666366667177605