lambda	m_w	m_x	m_y
0.5	3.825650912033224e-12	1.580649207199374e-70	6.047012081126877e-82
1.	0.4999999999993053	2.8149030824601275e-16	1.407451541228108e-16
2.	0.6875000000009378	3.868815222880463e-12	2.6598104657339466e-12
3.	0.7222222222239671	8.32630100989818e-12	6.013439618274325e-12
5.	0.7400000000048456	2.4830835070654353e-11	1.837481795240454e-11
10.	0.7475000706946319	3.7328820171103245e-7	2.790329571684688e-7
20.	0.7494546334576981	0.00042354636002892623	0.00031742878200782115
30.	0.7499665327679965	0.0013005538877061801	0.0009753718898409422
60.	0.75037478394447	0.0023652934262156002	0.0017748565436618061
80.	0.7504428576821582	0.00256599553368442	0.001925633021097791
100.	0.7504751677835912	0.0026631546176351744	0.0019986314085034033
150.	0.7505075842048324	0.0027617998656262314	0.0020727517452083736
200.	0.7505190494387579	0.002796960797185945	0.002099172358821466
400.	0.7505301641637865	0.002831179353839589	0.00212488550521435
600.	0.7505322288123676	0.002837549956109844	0.002129672692925557
1000.	0.750533286683392	0.002840815801524032	0.0021321268203799465