lambda	m_w	m_x	m_y
0.5	2.3935912672512426e-11	0.	0.
1.	0.5833333333326837	3.3178836562528134e-14	1.9354321328119855e-14
2.	0.7395833333340037	2.9865779224126614e-12	2.2088232551196996e-12
3.	0.7685185185196924	6.034966445177229e-12	4.637983471763659e-12
5.	0.7833333333353506	1.1146915131236086e-11	8.73175018615742e-12
10.	0.7895833333365689	1.8436521521584317e-11	1.4557170118143936e-11
20.	0.7911458333371243	2.1766722973414853e-11	1.722065218582062e-11
30.	0.7914351851891569	2.2837926607812903e-11	1.807473867419078e-11
60.	0.7916087963003577	2.337403678775512e-11	1.8503093126235112e-11
80.	0.7916341145874658	2.37859058034331e-11	1.8829734480361627e-11
100.	0.7916458333374089	2.3459642424123197e-11	1.857172817664264e-11
150.	0.791657407411426	2.3132712833680992e-11	1.8313183468304916e-11
200.	0.7916614583373898	2.3351446399265916e-11	1.8486440110730244e-11
400.	0.7916653645874268	2.356433031359396e-11	1.8655064148969914e-11
600.	0.7916660879670632	2.3603966113277635e-11	1.868645951340563e-11
1000.	0.791666458337437	2.362428548955545e-11	1.8702554424268867e-11