lambda	t	m_w	m_x	m_y
2.	0	0.01	0.01	0.0001
2.	1	0.012639229007030572	0.012639229007030572	0.00015975010989216303
2.	2	0.0159226480510716	0.0159226480510716	0.0002535307209582942
2.	3	0.019977872695205123	0.019977872695205123	0.0003991153974258224
2.	4	0.024941836206066388	0.024941836206066388	0.0006220951933302442
2.	5	0.030952770564654897	0.030952770564654897	0.0009580740056281666
2.	6	0.03813777598973266	0.03813777598973266	0.0014544899574430292
2.	7	0.04659592860352031	0.04659592860352031	0.0021711805624243623
2.	8	0.05637816346474478	0.05637816346474478	0.003178497315657483
2.	9	0.06746691797831299	0.06746691797831299	0.004551785021492412
2.	10	0.07976019279947091	0.07976019279947091	0.006361688355408772
2.	11	0.09306536262947075	0.09306536262947075	0.008661161721354891
2.	12	0.10710684059150917	0.10710684059150917	0.011471875301494957
2.	13	0.12154837792011178	0.12154837792011178	0.014774008175010317
2.	14	0.1360263990060151	0.1360263990060151	0.018503181226543625
2.	15	0.15018726969700866	0.15018726969700866	0.022556215979042015
2.	16	0.1637204629716779	0.1637204629716779	0.026804389995660552
2.	17	0.17638153159635994	0.17638153159635994	0.03111044468827772
2.	18	0.18800243118471305	0.18800243118471305	0.035344914131362766
2.	19	0.19849028888681	0.19849028888681	0.03939839478236929
2.	20	0.20781792805612453	0.20781792805612453	0.04318829122154055
2.	21	0.21601005629336104	0.21601005629336104	0.046660344419861007
2.	22	0.22312844704575602	0.22312844704575602	0.04978630388105075
2.	23	0.22925835531790387	0.22925835531790387	0.05255939348307026
2.	24	0.23449732227955417	0.23449732227955417	0.05498899415628109
2.	25	0.23894670078282165	0.23894670078282165	0.0570955258149953
2.	26	0.24270572778687238	0.24270572778687238	0.0589060703005554
2.	27	0.24586772594072281	0.24586772594072281	0.06045093865926238
2.	28	0.24851794886363907	0.24851794886363907	0.06176117090739032
2.	29	0.25073261563691823	0.25073261563691823	0.06286684454413058
2.	30	0.252578754724271	0.252578754724271	0.06379602733806344
2.	31	0.2541145627542862	0.2541145627542862	0.06457421100380205
2.	32	0.2553900622259082	0.2553900622259082	0.06522408388375327
2.	33	0.256447907330827	0.256447907330827	0.06576552917436043
2.	34	0.2573242374768576	0.2573242374768576	0.06621576319304621
2.	35	0.25804951519082125	0.25804951519082125	0.06658955229021789
2.	36	0.2586493113020714	0.2586493113020714	0.06689946623703585
2.	37	0.25914501817070196	0.25914501817070196	0.06715614044269345
2.	38	0.259554483434865	0.259554483434865	0.0673685298711396
2.	39	0.2598925640880977	0.2598925640880977	0.06754414486828596
2.	40	0.2601716050172095	0.2601716050172095	0.06768926405723086
2.	41	0.26040184843039693	0.26040184843039693	0.06780912266596742
2.	42	0.2605917815936429	0.2605917815936429	0.06790807663414887
2.	43	0.2607484304641477	0.2607484304641477	0.06798974398951646
2.	44	0.2608776064969857	0.2608776064969857	0.06805712557159613
2.	45	0.2609841133268357	0.2609841133268357	0.06811270740899461
2.	46	0.26107191933316715	0.26107191933316715	0.06815854706430373
2.	47	0.26114430137345934	0.26114430137345934	0.06819634613983216
2.	48	0.2612039642675374	0.2612039642675374	0.06822751094907695
2.	49	0.26125313996583327	0.26125313996583327	0.06825320314200727
2.	50	0.2612936697489922	0.2612936697489922	0.0682743818508954
2.	51	0.2613270722899555	0.2613270722899555	0.06829183871163963
2.	52	0.2613545999610296	0.2613545999610296	0.06830622692078982
2.	53	0.26137728538295657	0.26137728538295657	0.06831808531416353
2.	54	0.26139597988454283	0.26139597988454283	0.06832785829980031
2.	55	0.2614113852634045	0.2614113852634045	0.06833591234533211
2.	56	0.261424080004293	0.261424080004293	0.068342549606091
2.	57	0.2614345409151688	0.2614345409151688	0.06834801918352508
2.	58	0.2614431609771159	0.2614431609771159	0.06835252642170614
2.	59	0.2614502640674201	0.2614502640674201	0.06835624058092371
2.	60	0.2614561171013589	0.2614561171013589	0.0683593011697195
2.	61	0.2614609400437745	0.2614609400437745	0.06836182316857425
2.	62	0.2614649141631564	0.2614649141631564	0.06836390133834676
2.	63	0.26146818883606854	0.26146818883606854	0.068365613773214
2.	64	0.2614708871560584	0.2614708871560584	0.06836702483017622
2.	65	0.2614731105567804	0.2614731105567804	0.0683681875442383
2.	66	0.2614749426223753	0.2614749426223753	0.06836914561937446
2.	67	0.2614764522278402	0.2614764522278402	0.06836993506965801
2.	68	0.2614776961271035	0.2614776961271035	0.06837058557193787
2.	69	0.2614787210858693	0.2614787210858693	0.06837112158070183
2.	70	0.26147956563925945	0.26147956563925945	0.06837156324689579
2.	71	0.2614802615402259	0.2614802615402259	0.06837192717514494
2.	72	0.26148083495311675	0.26148083495311675	0.06837222704777908
2.	73	0.26148130743722153	0.26148130743722153	0.06837247413907876
2.	74	0.2614816967572421	0.2614816967572421	0.0683726777390463
2.	75	0.2614820175511373	0.2614820175511373	0.06837284550261329
2.	76	0.26148228188043726	0.26148228188043726	0.06837298373740044
2.	77	0.26148249968370735	0.26148249968370735	0.06837309764084001
2.	78	0.2614826791502047	0.2614826791502047	0.06837319149556888
2.	79	0.2614828270277713	0.2614828270277713	0.06837326883043537
2.	80	0.2614829488765378	0.2614829488765378	0.06837333255317007
2.	81	0.2614830492779734	0.2614830492779734	0.06837338505970705
2.	82	0.26148313200714246	0.26148313200714246	0.06837342832426468
2.	83	0.2614832001746421	0.2614832001746421	0.06837346397357195
2.	84	0.2614832563435572	0.2614832563435572	0.06837349334803043
2.	85	0.26148330262583025	0.26148330262583025	0.06837351755211152
2.	86	0.26148334076166924	0.26148334076166924	0.06837353749588324
2.	87	0.26148337218497797	0.26148337218497797	0.06837355392922771
2.	88	0.2614833980772705	0.2614833980772705	0.06837356747003631
2.	89	0.26148341941209546	0.26148341941209546	0.06837357862744183
2.	90	0.26148343699164145	0.26148343699164145	0.06837358782096173
2.	91	0.26148345147689894	0.26148345147689894	0.06837359539627176
2.	92	0.2614834634125132	0.2614834634125132	0.06837360163820314
2.	93	0.26148347324726323	0.26148347324726323	0.06837360678145223
2.	94	0.26148348135093563	0.26148348135093563	0.0683736110194051
2.	95	0.26148348802822835	0.26148348802822835	0.06837361451140864
2.	96	0.26148349353020767	0.26148349353020767	0.06837361738876216
2.	97	0.2614834980637481	0.2614834980637481	0.06837361975965416
2.	98	0.2614835017993108	0.2614835017993108	0.06837362171323016
2.	99	0.2614835048773529	0.2614835048773529	0.06837362332294464
2.	100	0.261483507413609	0.261483507413609	0.06837362464932291
2.	101	0.2614835095034421	0.2614835095034421	0.06837362574223671
2.	102	0.2614835112254303	0.2614835112254303	0.06837362664277973
2.	103	0.2614835126443201	0.2614835126443201	0.06837362738481233
2.	104	0.26148351381346197	0.26148351381346197	0.06837362799623495
2.	105	0.2614835147768156	0.2614835147768156	0.06837362850003713
2.	106	0.2614835155706031	0.2614835155706031	0.06837362891516184
2.	107	0.261483516224671	0.261483516224671	0.06837362925721777
2.	108	0.2614835167636121	0.2614835167636121	0.0683736295390662
2.	109	0.2614835172076907	0.2614835172076907	0.06837362977130468
2.	110	0.2614835175736041	0.2614835175736041	0.06837362996266533
2.	111	0.26148351787511076	0.26148351787511076	0.06837363012034336
2.	112	0.26148351812354725	0.26148351812354725	0.06837363025026746
2.	113	0.26148351832825484	0.26148351832825484	0.06837363035732279
2.	114	0.2614835184969305	0.2614835184969305	0.0683736304455346
2.	115	0.2614835186359165	0.2614835186359165	0.0683736305182197
2.	116	0.2614835187504387	0.2614835187504387	0.06837363057811102
2.	117	0.26148351884480303	0.26148351884480303	0.06837363062746046
2.	118	0.2614835189225577	0.2614835189225577	0.0683736306681236
2.	119	0.26148351898662636	0.26148351898662636	0.06837363070162938
2.	120	0.2614835190394178	0.2614835190394178	0.06837363072923758
2.	121	0.26148351908291706	0.26148351908291706	0.06837363075198626
2.	122	0.26148351911875983	0.26148351911875983	0.06837363077073084
2.	123	0.26148351914829365	0.26148351914829365	0.06837363078617606
2.	124	0.26148351917262896	0.26148351917262896	0.06837363079890262
2.	125	0.26148351919268087	0.26148351919268087	0.0683736308093891
2.	126	0.26148351920920326	0.26148351920920326	0.06837363081802977
2.	127	0.2614835192228175	0.2614835192228175	0.06837363082514956
2.	128	0.2614835192340354	0.2614835192340354	0.06837363083101616
2.	129	0.2614835192432788	0.2614835192432788	0.06837363083585014
2.	130	0.2614835192508952	0.2614835192508952	0.06837363083983328
2.	131	0.26148351925717095	0.26148351925717095	0.06837363084311529
2.	132	0.2614835192623421	0.2614835192623421	0.06837363084581963
2.	133	0.261483519266603	0.261483519266603	0.06837363084804796
2.	134	0.2614835192701139	0.2614835192701139	0.06837363084988402
2.	135	0.2614835192730069	0.2614835192730069	0.06837363085139697
2.	136	0.2614835192753906	0.2614835192753906	0.06837363085264357
2.	137	0.26148351927735475	0.26148351927735475	0.06837363085367075
2.	138	0.26148351927897323	0.26148351927897323	0.06837363085451717
2.	139	0.26148351928030683	0.26148351928030683	0.0683736308552146
2.	140	0.2614835192814057	0.2614835192814057	0.06837363085578925
2.	141	0.26148351928231106	0.26148351928231106	0.06837363085626275
2.	142	0.2614835192830571	0.2614835192830571	0.06837363085665288
2.	143	0.2614835192836718	0.2614835192836718	0.06837363085697437
2.	144	0.26148351928417835	0.26148351928417835	0.06837363085723927
2.	145	0.26148351928459573	0.26148351928459573	0.06837363085745755
2.	146	0.2614835192849396	0.2614835192849396	0.0683736308576374
2.	147	0.261483519285223	0.261483519285223	0.0683736308577856
2.	148	0.2614835192854565	0.2614835192854565	0.0683736308579077
2.	149	0.26148351928564895	0.26148351928564895	0.06837363085800835
2.	150	0.2614835192858075	0.2614835192858075	0.06837363085809126
2.	151	0.26148351928593816	0.26148351928593816	0.06837363085815959
2.	152	0.2614835192860458	0.2614835192860458	0.06837363085821588
2.	153	0.26148351928613445	0.26148351928613445	0.06837363085826224
2.	154	0.26148351928620756	0.26148351928620756	0.06837363085830048
2.	155	0.2614835192862678	0.2614835192862678	0.06837363085833198
2.	156	0.26148351928631747	0.26148351928631747	0.06837363085835796
2.	157	0.2614835192863584	0.2614835192863584	0.06837363085837936
2.	158	0.261483519286392	0.261483519286392	0.06837363085839694
2.	159	0.2614835192864197	0.2614835192864197	0.06837363085841143
2.	160	0.2614835192864426	0.2614835192864426	0.06837363085842339
2.	161	0.2614835192864614	0.2614835192864614	0.06837363085843323
2.	162	0.26148351928647695	0.26148351928647695	0.06837363085844136
2.	163	0.26148351928648966	0.26148351928648966	0.06837363085844801
2.	164	0.26148351928650015	0.26148351928650015	0.0683736308584535
2.	165	0.26148351928650887	0.26148351928650887	0.06837363085845806
2.	166	0.2614835192865161	0.2614835192865161	0.06837363085846183
2.	167	0.26148351928652197	0.26148351928652197	0.0683736308584649
2.	168	0.2614835192865268	0.2614835192865268	0.06837363085846743
2.	169	0.2614835192865308	0.2614835192865308	0.06837363085846952
2.	170	0.26148351928653407	0.26148351928653407	0.06837363085847123
2.	171	0.2614835192865368	0.2614835192865368	0.06837363085847266
2.	172	0.261483519286539	0.261483519286539	0.06837363085847382
2.	173	0.26148351928654084	0.26148351928654084	0.06837363085847478
2.	174	0.2614835192865424	0.2614835192865424	0.06837363085847559
2.	175	0.2614835192865436	0.2614835192865436	0.06837363085847623
2.	176	0.26148351928654473	0.26148351928654473	0.06837363085847681
2.	177	0.2614835192865456	0.2614835192865456	0.06837363085847728
2.	178	0.2614835192865463	0.2614835192865463	0.06837363085847763
2.	179	0.2614835192865469	0.2614835192865469	0.06837363085847795
2.	180	0.2614835192865474	0.2614835192865474	0.06837363085847821
2.	181	0.2614835192865478	0.2614835192865478	0.0683736308584784
2.	182	0.2614835192865481	0.2614835192865481	0.06837363085847858
2.	183	0.26148351928654834	0.26148351928654834	0.0683736308584787
2.	184	0.2614835192865485	0.2614835192865485	0.06837363085847878
2.	185	0.2614835192865487	0.2614835192865487	0.0683736308584789
2.	186	0.26148351928654895	0.26148351928654895	0.06837363085847901
2.	187	0.26148351928654906	0.26148351928654906	0.06837363085847907
2.	188	0.26148351928654917	0.26148351928654917	0.06837363085847913
2.	189	0.2614835192865493	0.2614835192865493	0.0683736308584792
2.	190	0.26148351928654934	0.26148351928654934	0.06837363085847922
2.	191	0.2614835192865494	0.2614835192865494	0.06837363085847925
2.	192	0.26148351928654945	0.26148351928654945	0.06837363085847928
2.	193	0.26148351928654945	0.26148351928654945	0.06837363085847928
2.	194	0.26148351928654945	0.26148351928654945	0.06837363085847928
2.	195	0.26148351928654945	0.26148351928654945	0.06837363085847928
2.	196	0.26148351928654945	0.26148351928654945	0.06837363085847928
2.	197	0.26148351928654945	0.26148351928654945	0.06837363085847928
2.	198	0.26148351928654945	0.26148351928654945	0.06837363085847928
2.	199	0.26148351928654945	0.26148351928654945	0.06837363085847928
2.	200	0.26148351928654945	0.26148351928654945	0.06837363085847928
