lambda	t	m_w	m_x	m_y
0.5	0	1.	1.	1.
0.5	1	0.2857142857142858	0.2857142857142858	0.08163265306122454
0.5	2	0.08504176157934704	0.08504176157934704	0.007232101212518506
0.5	3	0.02652977255586092	0.02652977255586092	0.0007038288318657113
0.5	4	0.008419237016421735	0.008419237016421735	0.00007088355193868596
0.5	5	0.0026869548622876945	0.0026869548622876945	7.219726431971483e-6
0.5	6	0.0008590881304789352	0.0008590881304789352	7.38032415929792e-7
0.5	7	0.00027483268856015076	0.00027483268856015076	7.553300670120082e-8
0.5	8	0.00008793872776786965	0.00008793872776786965	7.733219841431488e-9
0.5	9	0.000028139601069810484	0.000028139601069810484	7.918371483680793e-10
0.5	10	9.004591260371511e-6	9.004591260371511e-6	8.1082663766359e-11
0.5	11	2.881460900524765e-6	2.881460900524765e-6	8.302816921252991e-12
0.5	12	9.220666379617873e-7	9.220666379617873e-7	8.502068848421538e-13
0.5	13	2.9506123708666284e-7	2.9506123708666284e-7	8.706113363111186e-14
0.5	14	9.441958695267453e-8	9.441958695267453e-8	8.915058400313667e-15
0.5	15	3.021426691195394e-8	3.021426691195394e-8	9.129019250267946e-16
0.5	16	9.668565318344107e-9	9.668565318344107e-9	9.348115531508648e-17
0.5	17	3.0939408922976437e-9	3.0939408922976437e-9	9.57247024503154e-18
0.5	18	9.900610845550252e-10	9.900610845550252e-10	9.802209511502728e-19
0.5	19	3.168195469572335e-10	3.168195469572335e-10	1.0037462533418668e-19
0.5	20	1.0138225501603638e-10	1.0138225501603638e-10	1.0278361632136633e-20
0.5	21	3.244232160407915e-11	3.244232160407915e-11	1.052504231062501e-21
0.5	22	1.0381542913197553e-11	1.0381542913197553e-11	1.0777643325856234e-22
0.5	23	3.322093732212182e-12	3.322093732212182e-12	1.1036306765603464e-23
0.5	24	1.0630699943067681e-12	1.0630699943067681e-12	1.130117812795392e-24
0.5	25	3.4018239817805013e-13	3.4018239817805013e-13	1.1572406403016945e-25
0.5	26	1.0885836741696418e-13	1.0885836741696418e-13	1.185014415668677e-26
0.5	27	3.483467757342733e-14	3.483467757342733e-14	1.2134547616446411e-27
0.5	28	1.1147096823496623e-14	1.1147096823496623e-14	1.242577675924085e-28
0.5	29	3.567070983518908e-15	3.567070983518908e-15	1.2723995401462547e-29
0.5	30	1.1414627147260496e-15	1.1414627147260496e-15	1.302937129109763e-30
0.5	31	3.652680687123358e-16	3.652680687123358e-16	1.3342076202083967e-31
0.5	32	1.168857819879474e-16	1.168857819879474e-16	1.3662286030933973e-32
0.5	33	3.7403450236143166e-17	3.7403450236143166e-17	1.3990180895676384e-33
0.5	34	1.1969104075565812e-17	1.1969104075565812e-17	1.4325945237172614e-34
0.5	35	3.83011330418106e-18	3.83011330418106e-18	1.4669767922864758e-35
0.5	36	1.2256362573379397e-18	1.2256362573379397e-18	1.5021842353013524e-36
0.5	37	3.9220360234814076e-19	3.9220360234814076e-19	1.5382366569485851e-37
0.5	38	1.2550515275140503e-19	1.2550515275140503e-19	1.5751543367153508e-38
0.5	39	4.0161648880449615e-20	4.0161648880449615e-20	1.6129580407965198e-39
0.5	40	1.2851727641743876e-20	1.2851727641743876e-20	1.651669033775636e-40
0.5	41	4.112552845358041e-21	4.112552845358041e-21	1.6913090905862519e-41
0.5	42	1.3160169105145731e-21	1.3160169105145731e-21	1.731900508760322e-42
0.5	43	4.211254113646634e-22	4.211254113646634e-22	1.7734661209705696e-43
0.5	44	1.347601316366923e-22	1.347601316366923e-22	1.8160293078738635e-44
0.5	45	4.312324212374154e-23	4.312324212374154e-23	1.8596140112628366e-45
0.5	46	1.3799437479597292e-23	1.3799437479597292e-23	1.9042447475331447e-46
0.5	47	4.415819993471134e-24	4.415819993471134e-24	1.9499466214739406e-47
0.5	48	1.4130623979107633e-24	1.4130623979107633e-24	1.9967453403893164e-48
0.5	49	4.521799673314443e-25	4.521799673314443e-25	2.0446672285586604e-49
0.5	50	1.446975895460622e-25	1.446975895460622e-25	2.0937392420440686e-50
0.5	51	4.6303228654739905e-26	4.6303228654739905e-26	2.1439889838531268e-51
0.5	52	1.4817033169516774e-26	1.4817033169516774e-26	2.195444719465603e-52
0.5	53	4.741450614245368e-27	4.741450614245368e-27	2.248135392732778e-53
0.5	54	1.5172641965585176e-27	1.5172641965585176e-27	2.3020906421583637e-54
0.5	55	4.855245428987257e-28	4.855245428987257e-28	2.357340817570165e-55
0.5	56	1.553678537275922e-28	1.553678537275922e-28	2.4139169971918484e-56
0.5	57	4.9717713192829496e-29	4.9717713192829496e-29	2.4718510051244523e-57
0.5	58	1.5909668221705436e-29	1.5909668221705436e-29	2.531175429247438e-58
0.5	59	5.091093830945739e-30	5.091093830945739e-30	2.591923639549376e-59
0.5	60	1.6291500259026367e-30	1.6291500259026367e-30	2.654129806898562e-60
0.5	61	5.213280082888439e-31	5.213280082888439e-31	2.717828922264129e-61
0.5	62	1.6682496265243007e-31	1.6682496265243007e-31	2.7830568163984687e-62
0.5	63	5.338398804877763e-32	5.338398804877763e-32	2.8498501799920326e-63
0.5	64	1.708287617560884e-32	1.708287617560884e-32	2.9182465843118407e-64
0.5	65	5.4665203761948304e-33	5.4665203761948304e-33	2.988284502335327e-65
0.5	66	1.7492865203823456e-33	1.7492865203823456e-33	3.0600033303913744e-66
0.5	67	5.597716865223507e-34	5.597716865223507e-34	3.133443410320769e-67
0.5	68	1.7912693968715223e-34	1.7912693968715223e-34	3.2086460521684673e-68
0.5	69	5.732062069988871e-35	5.732062069988871e-35	3.2856535574205105e-69
0.5	70	1.834259862396439e-35	1.834259862396439e-35	3.364509242798604e-70
0.5	71	5.869631559668606e-36	5.869631559668606e-36	3.445257464625771e-71
0.5	72	1.8782820990939538e-36	1.8782820990939538e-36	3.527943643776789e-72
0.5	73	6.010502717100652e-37	6.010502717100652e-37	3.6126142912274315e-73
0.5	74	1.923360869472209e-37	1.923360869472209e-37	3.699317034216892e-74
0.5	75	6.15475478231107e-38	6.15475478231107e-38	3.788100643038099e-75
0.5	76	1.9695215303395426e-38	1.9695215303395426e-38	3.8790150584710137e-76
0.5	77	6.302468897086535e-39	6.302468897086535e-39	3.972111419874317e-77
0.5	78	2.016790047067692e-39	2.016790047067692e-39	4.067442093951303e-78
0.5	79	6.453728150616615e-40	6.453728150616615e-40	4.1650607042061356e-79
0.5	80	2.0651930081973174e-40	2.0651930081973174e-40	4.265022161107085e-80
0.5	81	6.608617626231417e-41	6.608617626231417e-41	4.367382692973657e-81
0.5	82	2.1147576403940537e-41	2.1147576403940537e-41	4.472199877605026e-82
0.5	83	6.767224449260974e-42	6.767224449260974e-42	4.579532674667549e-83
0.5	84	2.1655118237635118e-42	2.1655118237635118e-42	4.689441458859571e-84
0.5	85	6.929637836043239e-43	6.929637836043239e-43	4.8019880538722026e-85
0.5	86	2.2174841075338365e-43	2.2174841075338365e-43	4.9172357671651355e-86
0.5	87	7.095949144108277e-44	7.095949144108277e-44	5.0352494255771e-87
0.5	88	2.2707037261146485e-44	2.2707037261146485e-44	5.156095411790949e-88
0.5	89	7.266251923566875e-45	7.266251923566875e-45	5.279841701673931e-89
0.5	90	2.3252006155414002e-45	2.3252006155414002e-45	5.406557902514107e-90
0.5	91	7.440641969732482e-46	7.440641969732482e-46	5.536315292174446e-91
0.5	92	2.3810054303143938e-46	2.3810054303143938e-46	5.669186859186631e-92
0.5	93	7.61921737700606e-47	7.61921737700606e-47	5.8052473438071095e-93
0.5	94	2.4381495606419397e-47	2.4381495606419397e-47	5.944573280058483e-94
0.5	95	7.802078594054206e-48	7.802078594054206e-48	6.087243038779886e-95
0.5	96	2.496665150097346e-48	2.496665150097346e-48	6.233336871710604e-96
0.5	97	7.989328480311507e-49	7.989328480311507e-49	6.382936956631658e-97
0.5	98	2.5565851136996825e-49	2.5565851136996825e-49	6.536127443590819e-98
0.5	99	8.181072363838983e-50	8.181072363838983e-50	6.6929945022369965e-99
0.5	100	2.617943156428475e-50	2.617943156428475e-50	6.853626370290687e-100
0.5	101	8.377418100571121e-51	8.377418100571121e-51	7.018113403177665e-101
0.5	102	2.680773792182758e-51	2.680773792182758e-51	7.186548124853927e-102
0.5	103	8.578476134984828e-52	8.578476134984828e-52	7.359025279850423e-103
0.5	104	2.7451123631951455e-52	2.7451123631951455e-52	7.535641886566836e-104
0.5	105	8.784359562224468e-53	8.784359562224468e-53	7.716497291844444e-105
0.5	106	2.81099505991183e-53	2.81099505991183e-53	7.901693226848712e-106
0.5	107	8.995184191717858e-54	8.995184191717858e-54	8.091333864293086e-107
0.5	108	2.878458941349714e-54	2.878458941349714e-54	8.285525877036118e-108
0.5	109	9.211068612319086e-55	9.211068612319086e-55	8.484378498084985e-109
0.5	110	2.9475419559421085e-55	2.9475419559421085e-55	8.688003582039031e-110
0.5	111	9.432134259014747e-56	9.432134259014747e-56	8.896515668007966e-111
0.5	112	3.0182829628847196e-56	3.0182829628847196e-56	9.110032044040161e-112
0.5	113	9.658505481231104e-57	9.658505481231104e-57	9.328672813097128e-113
0.5	114	3.090721753993953e-57	3.090721753993953e-57	9.552560960611459e-114
0.5	115	9.89030961278065e-58	9.89030961278065e-58	9.781822423666133e-115
0.5	116	3.164899076089808e-58	3.164899076089808e-58	1.0016586161834119e-115
0.5	117	1.0127677043487386e-58	1.0127677043487386e-58	1.0256984229718139e-116
0.5	118	3.240856653915963e-59	3.240856653915963e-59	1.0503151851231372e-117
0.5	119	1.0370741292531083e-59	1.0370741292531083e-59	1.0755227495660928e-118
0.5	120	3.318637213609947e-60	3.318637213609947e-60	1.1013352955556793e-119
0.5	121	1.0619639083551832e-60	1.0619639083551832e-60	1.1277673426490158e-120
0.5	122	3.3982845067365876e-61	3.3982845067365876e-61	1.1548337588725931e-121
0.5	123	1.087451042155708e-61	1.087451042155708e-61	1.1825497690855355e-122
0.5	124	3.479843334898266e-62	3.479843334898266e-62	1.2109309635435885e-123
0.5	125	1.1135498671674451e-62	1.1135498671674451e-62	1.2399933066686347e-124
0.5	126	3.563359574935825e-63	3.563359574935825e-63	1.2697531460286822e-125
0.5	127	1.140275063979464e-63	1.140275063979464e-63	1.3002272215333707e-126
0.5	128	3.648880204734286e-64	3.648880204734286e-64	1.3314326748501727e-127
0.5	129	1.1676416655149718e-64	1.1676416655149718e-64	1.3633870590465773e-128
0.5	130	3.73645332964791e-65	3.73645332964791e-65	1.3961083484636952e-129
0.5	131	1.1956650654873314e-65	1.1956650654873314e-65	1.4296149488268244e-130
0.5	132	3.826128209559461e-66	3.826128209559461e-66	1.4639257075986684e-131
0.5	133	1.2243610270590274e-66	1.2243610270590274e-66	1.4990599245810365e-132
0.5	134	3.917955286588888e-67	3.917955286588888e-67	1.5350373627709814e-133
0.5	135	1.2537456917084445e-67	1.2537456917084445e-67	1.571878259477486e-134
0.5	136	4.011986213467022e-68	4.011986213467022e-68	1.6096033377049454e-135
0.5	137	1.2838355883094471e-68	1.2838355883094471e-68	1.6482338178098642e-136
0.5	138	4.1082738825902315e-69	4.1082738825902315e-69	1.6877914294373014e-137
0.5	139	1.3146476424288745e-69	1.3146476424288745e-69	1.728298423743798e-138
0.5	140	4.2068724557723996e-70	4.2068724557723996e-70	1.7697775859136502e-139
0.5	141	1.346199185847168e-70	1.346199185847168e-70	1.812252247975578e-140
0.5	142	4.307837394710938e-71	4.307837394710938e-71	1.8557463019269922e-141
0.5	143	1.3785079663075004e-71	1.3785079663075004e-71	1.9002842131732404e-142
0.5	144	4.4112254921840023e-72	4.4112254921840023e-72	1.9458910342893992e-143
0.5	145	1.411592157498881e-72	1.411592157498881e-72	1.9925924191123454e-144
0.5	146	4.5170949039964193e-73	4.5170949039964193e-73	2.0404146371710422e-145
0.5	147	1.4454703692788545e-73	1.4454703692788545e-73	2.089384588463148e-146
0.5	148	4.625505181692335e-74	4.625505181692335e-74	2.1395298185862642e-147
0.5	149	1.4801616581415472e-74	1.4801616581415472e-74	2.1908785342323345e-148
0.5	150	4.736517306052952e-75	4.736517306052952e-75	2.243459619053911e-149
0.5	151	1.5156855379369448e-75	1.5156855379369448e-75	2.2973026499112056e-150
0.5	152	4.8501937213982237e-76	4.8501937213982237e-76	2.352437913509075e-151
0.5	153	1.552061990847432e-76	1.552061990847432e-76	2.4088964234332945e-152
0.5	154	4.9665983707117825e-77	4.9665983707117825e-77	2.4667099375956934e-153
0.5	155	1.5893114786277707e-77	1.5893114786277707e-77	2.525910976097991e-154
0.5	156	5.085796731608868e-78	5.085796731608868e-78	2.5865328395243446e-155
0.5	157	1.6274549541148378e-78	1.6274549541148378e-78	2.6486096276729285e-156
0.5	158	5.2078558531674817e-79	5.2078558531674817e-79	2.7121762587370797e-157
0.5	159	1.6665138730135948e-79	1.6665138730135948e-79	2.777268488946772e-158
0.5	160	5.332844393643503e-80	5.332844393643503e-80	2.843922932681494e-159
0.5	161	1.706510205965921e-80	1.706510205965921e-80	2.91217708306585e-160
0.5	162	5.460832659090948e-81	5.460832659090948e-81	2.9820693330594315e-161
0.5	163	1.7474664509091037e-81	1.7474664509091037e-81	3.053638997052859e-162
0.5	164	5.591892642909132e-82	5.591892642909132e-82	3.126926332982127e-163
0.5	165	1.7894056457309224e-82	1.7894056457309224e-82	3.201972564973699e-164
0.5	166	5.7260980663389524e-83	5.7260980663389524e-83	3.278819906533069e-165
0.5	167	1.8323513812284652e-83	1.8323513812284652e-83	3.357511584289864e-166
0.5	168	5.863524419931091e-84	5.863524419931091e-84	3.438091862312824e-167
0.5	169	1.8763278143779492e-84	1.8763278143779492e-84	3.520606067008332e-168
0.5	170	6.004249006009437e-85	6.004249006009437e-85	3.6051006126165313e-169
0.5	171	1.92135968192302e-85	1.92135968192302e-85	3.691623027319328e-170
0.5	172	6.1483509821536635e-86	6.1483509821536635e-86	3.780221979974992e-171
0.5	173	1.967472314289173e-86	1.967472314289173e-86	3.870947307494394e-172
0.5	174	6.295911405725355e-87	6.295911405725355e-87	3.9638500428742615e-173
0.5	175	2.0146916498321144e-87	2.0146916498321144e-87	4.058982443903247e-174
0.5	176	6.447013279462767e-88	6.447013279462767e-88	4.156398022556926e-175
0.5	177	2.063044249428086e-88	2.063044249428086e-88	4.2561515750982946e-176
0.5	178	6.601741598169876e-89	6.601741598169876e-89	4.358299212900655e-177
0.5	179	2.1125573114143612e-89	2.1125573114143612e-89	4.4628983940102745e-178
0.5	180	6.760183396525957e-90	6.760183396525957e-90	4.570007955466523e-179
0.5	181	2.163258686888307e-90	2.163258686888307e-90	4.679688146397723e-180
0.5	182	6.922427798042584e-91	6.922427798042584e-91	4.79200066191127e-181
0.5	183	2.2151768953736272e-91	2.2151768953736272e-91	4.9070086777971416e-182
0.5	184	7.088566065195607e-92	7.088566065195607e-92	5.0247768860642735e-183
0.5	185	2.2683411408625944e-92	2.2683411408625944e-92	5.145371531329816e-184
0.5	186	7.258691650760301e-93	7.258691650760301e-93	5.26886044808173e-185
0.5	187	2.322781328243297e-93	2.322781328243297e-93	5.395313098835696e-186
0.5	188	7.432900250378551e-94	7.432900250378551e-94	5.524800613207753e-187
0.5	189	2.3785280801211361e-94	2.3785280801211361e-94	5.6573958279247375e-188
0.5	190	7.611289856387637e-95	7.611289856387637e-95	5.793173327794934e-189
0.5	191	2.4356127540440444e-95	2.4356127540440444e-95	5.932209487662014e-190
0.5	192	7.793960812940943e-96	7.793960812940943e-96	6.074582515365904e-191
0.5	193	2.4940674601411016e-96	2.4940674601411016e-96	6.220372495734685e-192
0.5	194	7.981015872451524e-97	7.981015872451524e-97	6.369661435632316e-193
0.5	195	2.553925079184488e-97	2.553925079184488e-97	6.522533310087493e-194
0.5	196	8.172560253390362e-98	8.172560253390362e-98	6.679074109529594e-195
0.5	197	2.6152192810849155e-98	2.6152192810849155e-98	6.839371888158303e-196
0.5	198	8.36870169947173e-99	8.36870169947173e-99	7.003516813474102e-197
0.5	199	2.6779845438309543e-99	2.6779845438309543e-99	7.171601216997485e-198
0.5	200	8.569550540259053e-100	8.569550540259053e-100	7.343719646205424e-199
